1644712254650 9021333.0 0
1644712255332 7019981.0 1
1644712255999 5173360.5 2
1644712256622 3481670.25 3
1644712257446 4172328.0 4
1644712258479 3615004.25 5
1644712259086 4706116.5 6
1644712259461 3076015.25 7
1644712259757 2140818.75 8
1644712260065 3712085.5 9
1644712260376 3031431.0 10
1644712260689 1765857.5 11
1644712260994 2148863.5 12
1644712261301 4642776.0 13
1644712261616 3451388.75 14
1644712261931 2160482.25 15
1644712262246 1351001.25 16
1644712262547 4114713.0 17
1644712262853 2721010.5 18
1644712321115 3481670.25 19
