1644712254650 0.10161343216896057 0
1644712255332 0.03763720020651817 1
1644712255999 0.022851450368762016 2
1644712256622 0.025115840137004852 3
1644712257446 0.02535436861217022 4
1644712258479 0.02073010988533497 5
1644712259086 0.019935743883252144 6
1644712259461 0.019125904887914658 7
1644712259757 0.012821928597986698 8
1644712260065 0.012684048153460026 9
1644712260376 0.014436990022659302 10
1644712260689 0.009323794394731522 11
1644712260994 0.008313925005495548 12
1644712261301 0.010266689583659172 13
1644712261616 0.008614946156740189 14
1644712261931 0.010803225450217724 15
1644712262246 0.010742218233644962 16
1644712262547 0.010741614736616611 17
1644712262853 0.012442841194570065 18
1644712321115 0.025115840137004852 19
