1644712705497 0.38009700179100037 0
1644712705946 0.16420838236808777 1
1644712706315 0.13543103635311127 2
1644712706683 0.13668982684612274 3
1644712707060 0.17063386738300323 4
1644712707440 0.1248752623796463 5
1644712707808 0.11957479268312454 6
1644712708160 0.11313991248607635 7
1644712708509 0.08469945192337036 8
1644712708863 0.11276639252901077 9
1644712709216 0.09145186096429825 10
1644712709564 0.08933495730161667 11
1644712709911 0.07058145850896835 12
1644712710265 0.08562837541103363 13
1644712710617 0.0886223092675209 14
1644712710974 0.09095509350299835 15
1644712711327 0.05870095640420914 16
1644712711677 0.07654757052659988 17
1644712712026 0.06951285153627396 18
1644712712364 0.08781076222658157 19
1644712712673 0.06655386835336685 20
1644712712980 0.06842925399541855 21
1644712713297 0.07479844242334366 22
1644712713602 0.06625587493181229 23
1644712713914 0.06976300477981567 24
1644712745340 0.11276639252901077 25
