1644712705497 5016800.5 0
1644712705946 12508759.0 1
1644712706315 3803793.5 2
1644712706683 8021611.0 3
1644712707060 6723494.0 4
1644712707440 9700668.0 5
1644712707808 3754221.5 6
1644712708160 8258564.5 7
1644712708509 8708315.0 8
1644712708863 10881046.0 9
1644712709216 8141487.5 10
1644712709564 9729007.0 11
1644712709911 5630858.0 12
1644712710265 7325593.5 13
1644712710617 4780176.5 14
1644712710974 9060582.0 15
1644712711327 5365662.5 16
1644712711677 6262259.0 17
1644712712026 6891256.5 18
1644712712364 6073985.5 19
1644712712673 7945519.5 20
1644712712980 6858633.5 21
1644712713297 9907947.0 22
1644712713602 8112137.5 23
1644712713914 5560067.5 24
1644712745340 10881046.0 25
