1644712339210 0.291360080242157 0
1644712339718 0.15586082637310028 1
1644712340247 0.08034487813711166 2
1644712340770 0.08365914970636368 3
1644712341318 0.05865448713302612 4
1644712341886 0.05465038865804672 5
1644712342429 0.07130489498376846 6
1644712343047 0.049211286008358 7
1644712343611 0.05781347677111626 8
1644712344175 0.042852528393268585 9
1644712344663 0.06282910704612732 10
1644712345146 0.04511760547757149 11
1644712345622 0.051608048379421234 12
1644712346104 0.03659435734152794 13
1644712346580 0.041031364351511 14
1644712347091 0.03839392960071564 15
1644712347676 0.04320620372891426 16
1644712348208 0.034809138625860214 17
1644712348762 0.037717316299676895 18
1644712349207 0.03515300154685974 19
1644712349620 0.036159683018922806 20
1644712350043 0.028694748878479004 21
1644712350456 0.033758535981178284 22
1644712350906 0.035882268100976944 23
1644712408235 0.05781347677111626 24
