1644712339210 2027745.25 0
1644712339718 4494043.5 1
1644712340247 7414835.0 2
1644712340770 4090088.75 3
1644712341318 8288474.0 4
1644712341886 4430455.5 5
1644712342429 5820481.0 6
1644712343047 6312958.5 7
1644712343611 6955985.5 8
1644712344175 6085224.5 9
1644712344663 7663619.5 10
1644712345146 6418623.5 11
1644712345622 6902985.5 12
1644712346104 6567456.0 13
1644712346580 6205362.0 14
1644712347091 4456127.5 15
1644712347676 5583088.0 16
1644712348208 3682011.0 17
1644712348762 5143219.5 18
1644712349207 4138365.0 19
1644712349620 5533760.5 20
1644712350043 4200082.0 21
1644712350456 5138599.5 22
1644712350906 6633536.0 23
1644712408235 6955985.5 24
