1644712418500 0.35844936966896057 0
1644712419014 0.25330808758735657 1
1644712419466 0.2233418971300125 2
1644712419751 0.16886840760707855 3
1644712420051 0.16422492265701294 4
1644712420411 0.15505264699459076 5
1644712420739 0.1136469915509224 6
1644712421075 0.09835407882928848 7
1644712421381 0.10645542293787003 8
1644712421612 0.09757065773010254 9
1644712421892 0.10538788139820099 10
1644712422141 0.09563097357749939 11
1644712422387 0.09764610975980759 12
1644712422615 0.07810598611831665 13
1644712422831 0.08309847116470337 14
1644712423067 0.08125236630439758 15
1644712423319 0.07948039472103119 16
1644712423551 0.06578890234231949 17
1644712423777 0.07265446335077286 18
1644712423999 0.0680607333779335 19
1644712424220 0.0749463364481926 20
1644712424455 0.06647175550460815 21
1644712424693 0.06633587926626205 22
1644712424953 0.07520746439695358 23
1644712425203 0.06886786967515945 24
1644712425454 0.06550809741020203 25
1644712425703 0.07860179990530014 26
1644712425932 0.07868719846010208 27
1644712426143 0.06075289100408554 28
1644712426364 0.06873240321874619 29
1644712426588 0.07754428684711456 30
1644712426811 0.0597141832113266 31
1644712427025 0.06708429008722305 32
1644712427256 0.06109261140227318 33
1644712427527 0.05826045200228691 34
1644712427740 0.06632501631975174 35
1644712427953 0.06988117843866348 36
1644712428171 0.05685038864612579 37
1644712428393 0.062046561390161514 38
1644712428593 0.0650642067193985 39
1644712465930 0.06886786967515945 40
