1644712418500 8885983.0 0
1644712419014 13210721.0 1
1644712419466 14594954.0 2
1644712419751 9808571.0 3
1644712420051 9081897.0 4
1644712420411 14304964.0 5
1644712420739 5939064.0 6
1644712421075 3548917.5 7
1644712421381 6742104.5 8
1644712421612 6603555.0 9
1644712421892 9458004.0 10
1644712422141 9062631.0 11
1644712422387 5556844.5 12
1644712422615 5631429.5 13
1644712422831 7122139.0 14
1644712423067 6142801.5 15
1644712423319 6252559.5 16
1644712423551 7111163.0 17
1644712423777 7267636.5 18
1644712423999 8852396.0 19
1644712424220 8271527.5 20
1644712424455 8294338.0 21
1644712424693 5816511.5 22
1644712424953 6691334.0 23
1644712425203 6728954.0 24
1644712425454 7964654.0 25
1644712425703 6650186.0 26
1644712425932 6938808.5 27
1644712426143 5324627.5 28
1644712426364 7057602.0 29
1644712426588 7222435.5 30
1644712426811 7150092.5 31
1644712427025 6126384.0 32
1644712427256 6641510.0 33
1644712427527 8299483.0 34
1644712427740 8654900.0 35
1644712427953 3691780.75 36
1644712428171 6063244.0 37
1644712428393 8340085.0 38
1644712428593 7531186.0 39
1644712465930 6728954.0 40
