1644712573934 0.29415151476860046 0
1644712574165 0.04888162389397621 1
1644712574443 0.03120739385485649 2
1644712574636 0.030976561829447746 3
1644712574872 0.02152428589761257 4
1644712575086 0.03132950887084007 5
1644712575383 0.021007968112826347 6
1644712575623 0.0258070956915617 7
1644712575859 0.019168157130479813 8
1644712576044 0.021553069353103638 9
1644712576226 0.01850166544318199 10
1644712576435 0.017869247123599052 11
1644712576665 0.015523149631917477 12
1644712576843 0.013669637031853199 13
1644712577057 0.017150310799479485 14
1644712577328 0.018180163577198982 15
1644712577515 0.01612231880426407 16
1644712577679 0.01477615162730217 17
1644712577924 0.012581908144056797 18
1644712578085 0.013219330459833145 19
1644712578321 0.011859402060508728 20
1644712578483 0.012589583173394203 21
1644712578643 0.008588452823460102 22
1644712578893 0.013845580630004406 23
1644712579156 0.012412328273057938 24
1644712579377 0.011256330646574497 25
1644712579543 0.01222195103764534 26
1644712579704 0.011021130718290806 27
1644712579882 0.009398593567311764 28
1644712614107 0.013669637031853199 29
