1644712573934 5766371.0 0
1644712574165 5735018.5 1
1644712574443 4449423.5 2
1644712574636 4962108.5 3
1644712574872 4688303.5 4
1644712575086 5303036.0 5
1644712575383 4719022.0 6
1644712575623 3593426.25 7
1644712575859 3895527.25 8
1644712576044 4463545.5 9
1644712576226 3711344.25 10
1644712576435 3173897.5 11
1644712576665 3686484.75 12
1644712576843 3033911.5 13
1644712577057 2572574.0 14
1644712577328 2462724.25 15
1644712577515 1470557.875 16
1644712577679 2734637.75 17
1644712577924 3103876.75 18
1644712578085 1864484.0 19
1644712578321 2279004.25 20
1644712578483 2095608.375 21
1644712578643 551228.0625 22
1644712578893 830008.5625 23
1644712579156 305660.6875 24
1644712579377 1105528.0 25
1644712579543 597616.3125 26
1644712579704 243216.234375 27
1644712579882 1081119.875 28
1644712614107 3033911.5 29
