1644712758577 0.4616948962211609 0
1644712758906 0.4023224115371704 1
1644712759198 0.32179632782936096 2
1644712759488 0.2074763923883438 3
1644712759734 0.10819084197282791 4
1644712759967 0.07807034999132156 5
1644712760203 0.09504172950983047 6
1644712760417 0.07832802087068558 7
1644712760635 0.07598212361335754 8
1644712760851 0.07205453515052795 9
1644712761080 0.0647227093577385 10
1644712761303 0.05758870765566826 11
1644712761524 0.07848148792982101 12
1644712761745 0.062313567847013474 13
1644712761973 0.06397975981235504 14
1644712762197 0.04274856299161911 15
1644712762414 0.04812810570001602 16
1644712762635 0.06957513839006424 17
1644712762861 0.05886061489582062 18
1644712763090 0.058744434267282486 19
1644712763351 0.05568656697869301 20
1644712763616 0.055947113782167435 21
1644712763855 0.046007756143808365 22
1644712764105 0.06026591360569 23
1644712764351 0.050091568380594254 24
1644712764584 0.04201572760939598 25
1644712764801 0.04415712505578995 26
1644712765024 0.06193039193749428 27
1644712765238 0.05054694041609764 28
1644712765439 0.046097829937934875 29
1644712765637 0.04291042312979698 30
1644712765833 0.04811563342809677 31
1644712766013 0.04018007591366768 32
1644712766188 0.04300893843173981 33
1644712766364 0.04375791177153587 34
1644712766546 0.037600986659526825 35
1644712789821 0.05568656697869301 36
