1644712758577 389726.6875 0
1644712758906 597623.0625 1
1644712759198 1296161.5 2
1644712759488 1767415.875 3
1644712759734 4593469.5 4
1644712759967 5460204.5 5
1644712760203 2063238.0 6
1644712760417 4611348.5 7
1644712760635 3910555.75 8
1644712760851 4053056.75 9
1644712761080 6630743.5 10
1644712761303 4964890.0 11
1644712761524 4811591.0 12
1644712761745 4448560.0 13
1644712761973 5736727.5 14
1644712762197 5039816.5 15
1644712762414 6380259.5 16
1644712762635 5472807.0 17
1644712762861 7845326.5 18
1644712763090 6239067.5 19
1644712763351 4503622.5 20
1644712763616 7381345.5 21
1644712763855 4849874.5 22
1644712764105 5882086.5 23
1644712764351 6926202.0 24
1644712764584 5372344.0 25
1644712764801 4760530.0 26
1644712765024 4878830.0 27
1644712765238 5777058.5 28
1644712765439 4775393.0 29
1644712765637 4921126.0 30
1644712765833 5375642.0 31
1644712766013 3230311.0 32
1644712766188 4539150.5 33
1644712766364 4661466.5 34
1644712766546 5132770.5 35
1644712789821 4503622.5 36
