1644686553690 0.09715981781482697 0
1644686554858 0.038555216044187546 1
1644686555149 0.02354038879275322 2
1644686555368 0.018024489283561707 3
1644686555599 0.01856110617518425 4
1644686555830 0.0139183159917593 5
1644686556023 0.011220676824450493 6
1644686556311 0.011568378657102585 7
1644686556539 0.013747620396316051 8
1644686556735 0.010421600192785263 9
1644686556955 0.010971407406032085 10
1644686557153 0.0099147018045187 11
1644686557384 0.012134739197790623 12
1644686557597 0.010820715688169003 13
1644686557797 0.009206068702042103 14
1644686557998 0.007885298691689968 15
1644686558201 0.007722904905676842 16
1644686558399 0.008181118406355381 17
1644686558595 0.007670015096664429 18
1644686558789 0.012440349906682968 19
1644686558986 0.008433125913143158 20
1644686559185 0.009009098634123802 21
1644686559397 0.008817612193524837 22
1644686559607 0.007722372189164162 23
1644686559837 0.009432687424123287 24
1644686560028 0.007880010642111301 25
1644686560266 0.008952479809522629 26
1644686560462 0.007712915539741516 27
1644686560677 0.008171621710062027 28
1644686560835 0.008503408171236515 29
1644686561060 0.008033404126763344 30
1644686561339 0.007135096006095409 31
1644686561646 0.006794765591621399 32
1644686561908 0.007742262911051512 33
1644686562149 0.007185735274106264 34
1644686562349 0.010016004554927349 35
1644686562513 0.005716046784073114 36
1644686562702 0.004925359971821308 37
1644686562855 0.006683706771582365 38
1644686563003 0.006246613338589668 39
1644686563165 0.006813382729887962 40
1644686563339 0.010022414848208427 41
1644686563485 0.007922432385385036 42
1644686563605 0.0057440949603915215 43
1644686563730 0.007154515478760004 44
1644686563860 0.0046769180335104465 45
1644686564056 0.00788065418601036 46
1644686564193 0.0054169949144124985 47
1644686564338 0.004957967903465033 48
1644686564467 0.005577025935053825 49
1644686564596 0.004374179523438215 50
1644686564734 0.006515120156109333 51
1644686564859 0.005620260257273912 52
1644686564991 0.006979522295296192 53
1644686565120 0.006943655200302601 54
1644686565242 0.007090892177075148 55
1644686565359 0.006095670163631439 56
1644686565481 0.005424123723059893 57
1644686565609 0.005411969963461161 58
1644686565738 0.006523523014038801 59
1644686565862 0.007504584267735481 60
1644686566014 0.006296791136264801 61
1644686566133 0.005353298503905535 62
1644686566251 0.007070024497807026 63
1644686566374 0.006496273446828127 64
1644686566493 0.00789646990597248 65
1644686566614 0.007521859835833311 66
1644686566730 0.006052066572010517 67
1644686566845 0.005238422658294439 68
1644686566965 0.005135092884302139 69
1644686567093 0.005926057230681181 70
1644686567208 0.005779706407338381 71
1644686567323 0.006637951824814081 72
1644686567442 0.0066499472595751286 73
1644686567729 0.007311149034649134 74
1644686568024 0.007588520646095276 75
1644686568306 0.004378896672278643 76
1644686568576 0.006103611085563898 77
1644686568872 0.0036886639427393675 78
1644686569183 0.005513983778655529 79
1644686569437 0.00852450542151928 80
1644686569765 0.0051839011721313 81
1644686570307 0.0035337666049599648 82
1644686570678 0.004972598981112242 83
1644686570978 0.004471753723919392 84
1644686571234 0.005154899787157774 85
1644686571487 0.00429535610601306 86
1644686571758 0.006252467632293701 87
1644686571990 0.005866827443242073 88
1644686572237 0.004218550864607096 89
1644686572415 0.004963970277458429 90
1644686572596 0.004719656892120838 91
1644686572788 0.004708115477114916 92
1644686572987 0.004653363022953272 93
1644686573179 0.005681667476892471 94
1644686573356 0.004181293770670891 95
1644686573554 0.004062991123646498 96
1644686573763 0.005463329143822193 97
1644686573972 0.005166285205632448 98
1644686574184 0.003926684148609638 99
1644686574409 0.004236340988427401 100
1644686574823 0.0068368613719940186 101
1644686575330 0.004364932421594858 102
1644686575877 0.00624656118452549 103
1644686576554 0.0034369388595223427 104
1644686577043 0.004072044510394335 105
1644686577570 0.006179147865623236 106
1644686578855 0.005132005549967289 107
1644686579763 0.005787670612335205 108
1644686580023 0.005874219816178083 109
1644686580181 0.005167992785573006 110
1644686580316 0.007338693365454674 111
1644686580437 0.0069992151111364365 112
1644686580566 0.004323433618992567 113
1644686580701 0.0053988490253686905 114
1644686580822 0.00713900662958622 115
1644686580953 0.007324887905269861 116
1644686581066 0.003674590028822422 117
1644686581175 0.004393983166664839 118
1644686581279 0.003397594904527068 119
1644686581388 0.002947602653875947 120
1644686581494 0.005546048749238253 121
1644686581603 0.004174811765551567 122
1644686581709 0.004350561648607254 123
1644686581822 0.004863219801336527 124
1644686581931 0.0038658445701003075 125
1644686582056 0.004070919938385487 126
1644686582173 0.0038415223825722933 127
1644686582273 0.003545083338394761 128
1644686582381 0.0028269255999475718 129
1644686582488 0.003238718258216977 130
1644686582593 0.003590027801692486 131
1644686582707 0.0030671751592308283 132
1644686582816 0.0035193602088838816 133
1644686582947 0.0035027489066123962 134
1644686583057 0.002523333067074418 135
1644686583170 0.003590140724554658 136
1644686583276 0.0033671462442725897 137
1644686583396 0.004363019950687885 138
1644686583508 0.004870922304689884 139
1644686583613 0.003781331470236182 140
1644686583725 0.0032782191410660744 141
1644686583886 0.004609186667948961 142
1644686584005 0.003321424126625061 143
1644686584119 0.00268435082398355 144
1644686584248 0.003814613912254572 145
1644686584377 0.0042842086404562 146
1644686584496 0.0032776782754808664 147
1644686584613 0.005578404292464256 148
1644686584754 0.0038647777400910854 149
1644686584965 0.006318673491477966 150
1644686585088 0.003491549752652645 151
1644686585277 0.003663626965135336 152
1644686585400 0.005268538370728493 153
1644686585517 0.0036553964018821716 154
1644686585662 0.003984017297625542 155
1644686585804 0.007206812966614962 156
1644686585940 0.0031461080070585012 157
1644686586056 0.004551847465336323 158
1644686586177 0.004442634992301464 159
1644686586291 0.002990533597767353 160
1644686586410 0.0022529135458171368 161
1644686586525 0.004393053241074085 162
1644686586636 0.005172209348529577 163
1644686586753 0.0025968195404857397 164
1644686586867 0.0028433992993086576 165
1644686586987 0.004031924530863762 166
1644686587097 0.003410470439121127 167
1644686587210 0.003563124919310212 168
1644686587323 0.004367171786725521 169
1644686587437 0.005178583785891533 170
1644686587548 0.0028213446494191885 171
1644686587659 0.004522419068962336 172
1644686587781 0.0028348518535494804 173
1644686587896 0.005688908975571394 174
1644686588013 0.003643802599981427 175
1644686588126 0.0032365857623517513 176
1644686588256 0.004183811601251364 177
1644686588372 0.0052288006991147995 178
1644686588484 0.003024971578270197 179
1644686588602 0.004720292519778013 180
1644686588727 0.0048391614109277725 181
1644686588845 0.004782373085618019 182
1644686588969 0.00430550379678607 183
1644686589099 0.005065971054136753 184
1644686589207 0.00532818678766489 185
1644686589321 0.004218504764139652 186
1644686589439 0.003287224331870675 187
1644686589550 0.005386176519095898 188
1644686589681 0.003451265161857009 189
1644686589787 0.003529624780640006 190
1644686589899 0.00472189811989665 191
1644686590014 0.003146218368783593 192
1644686590123 0.0046048834919929504 193
1644686590233 0.0033274793531745672 194
1644686590347 0.003446520771831274 195
1644686590461 0.0033665895462036133 196
1644686590585 0.0029235302936285734 197
1644686590703 0.003958508372306824 198
1644686590866 0.0032473078463226557 199
1644686591117 0.002880714600905776 200
1644686591300 0.0028716956730931997 201
1644686591429 0.005048649851232767 202
1644686591561 0.00478717777878046 203
1644686591682 0.004013613797724247 204
1644686591794 0.003651627106592059 205
1644686591911 0.004442252218723297 206
1644686592024 0.002398003591224551 207
1644686592143 0.0030701064970344305 208
1644686592265 0.005267743486911058 209
1644686592390 0.003181099658831954 210
1644686592509 0.0034704364370554686 211
1644686592624 0.004634322132915258 212
1644686592744 0.005660153925418854 213
1644686592853 0.005658807698637247 214
1644686592959 0.0027382245752960443 215
1644686593069 0.00519854249432683 216
1644686593202 0.004994359333068132 217
1644686593329 0.0026504688430577517 218
1644686593451 0.005053155589848757 219
1644686593575 0.003637089626863599 220
1644686593696 0.004094752948731184 221
1644686593818 0.004242942202836275 222
1644686593943 0.005136827006936073 223
1644686594064 0.002657767618075013 224
1644686594197 0.004015827085822821 225
1644686594336 0.0019916235469281673 226
1644686594477 0.004222140647470951 227
1644686594593 0.0035673165693879128 228
1644686594706 0.003054311266168952 229
1644686594825 0.0038573925849050283 230
1644686594938 0.003191722324118018 231
1644686595049 0.005180165637284517 232
1644686595159 0.0033916370011866093 233
1644686595272 0.004867967683821917 234
1644686595384 0.0031732781790196896 235
1644686595493 0.004736343864351511 236
1644686595605 0.00492553086951375 237
1644686595717 0.0024394153151661158 238
1644686595825 0.002413275418803096 239
1644686595937 0.003647048957645893 240
1644686596048 0.0030286796391010284 241
1644686596158 0.004781683906912804 242
1644686596282 0.005819404497742653 243
1644686596415 0.004388780333101749 244
1644686596541 0.004589043091982603 245
1644686596678 0.003833066439256072 246
1644686596823 0.004204920027405024 247
1644686596935 0.006966151762753725 248
1644686597058 0.0045471652410924435 249
1644686597168 0.002574287122115493 250
1644686597273 0.005218296777456999 251
1644686597383 0.003353333566337824 252
1644686597491 0.004492003004997969 253
1644686597715 0.0031567879486829042 254
1644686597945 0.0032613640651106834 255
1644686598077 0.003984573297202587 256
1644686598207 0.004184033256024122 257
1644686598404 0.003546747611835599 258
1644686598558 0.004980482626706362 259
1644686598717 0.003943275194615126 260
1644686598887 0.0022996163461357355 261
1644686598993 0.0047399490140378475 262
1644686599111 0.0035896277986466885 263
1644686599294 0.004114484414458275 264
1644686599445 0.00415340531617403 265
1644686599577 0.003209424205124378 266
1644686599757 0.0037115514278411865 267
1644686599867 0.002475104294717312 268
1644686600013 0.005339635536074638 269
1644686600224 0.003941998351365328 270
1644686600352 0.003351801075041294 271
1644686600468 0.0039132642559707165 272
1644686600573 0.005122792441397905 273
1644686600715 0.006555475294589996 274
1644686600887 0.0039962963201105595 275
1644686600998 0.0034920559264719486 276
1644686601110 0.0030745728872716427 277
1644686601228 0.0026850791182368994 278
1644686601336 0.0032548324670642614 279
1644686601549 0.003238634206354618 280
1644686601769 0.003897319547832012 281
1644686601875 0.007372008170932531 282
1644686601992 0.00505034439265728 283
1644686602107 0.003071238985285163 284
1644686602228 0.004005167167633772 285
1644686602334 0.0036762116942554712 286
1644686602497 0.0070022642612457275 287
1644686602618 0.004387031774967909 288
1644686602737 0.004574338905513287 289
1644686602847 0.0023829329293221235 290
1644686603013 0.0031804265454411507 291
1644686603137 0.0025059031322598457 292
1644686603257 0.003447651630267501 293
1644686603367 0.002658542012795806 294
1644686603479 0.002937562996521592 295
1644686603647 0.00239232718013227 296
1644686603857 0.0033126487396657467 297
1644686604092 0.0028965056408196688 298
1644686604296 0.0028297363314777613 299
1644686604428 0.0031366348266601562 300
1644686604620 0.0023824579548090696 301
1644686604810 0.0031285397708415985 302
1644686604986 0.002431565662845969 303
1644686605175 0.0020437014754861593 304
1644686605299 0.004660020116716623 305
1644686605405 0.004683659877628088 306
1644686605578 0.0033039229456335306 307
1644686605871 0.002161787822842598 308
1644686606087 0.004241220187395811 309
1644686606314 0.004069894086569548 310
1644686606556 0.001875300775282085 311
1644686606768 0.0031175105832517147 312
1644686606990 0.003662497503682971 313
1644686607101 0.002979888580739498 314
1644686607216 0.003162492997944355 315
1644686607362 0.003394324565306306 316
1644686607549 0.005404030904173851 317
1644686607784 0.0027556244749575853 318
1644686607983 0.0023399293422698975 319
1644686608087 0.0031556719914078712 320
1644686608198 0.002985190600156784 321
1644686608308 0.0054750945419073105 322
1644686608519 0.004736966919153929 323
1644686608622 0.0039818850345909595 324
1644686608742 0.0029433928430080414 325
1644686608853 0.003406987525522709 326
1644686608973 0.0036540040746331215 327
1644686609091 0.0019077676115557551 328
1644686609250 0.0030291243456304073 329
1644686609556 0.0023270314559340477 330
1644686609801 0.0031131235882639885 331
1644686609935 0.002304637338966131 332
1644686610075 0.003412058809772134 333
1644686610353 0.0036982125602662563 334
1644686610561 0.0032144582364708185 335
1644686610719 0.003906042082235217 336
1644686610897 0.0043073794804513454 337
1644686611217 0.003540659788995981 338
1644686611463 0.004213878884911537 339
1644686611583 0.004378316458314657 340
1644686611777 0.004048087168484926 341
1644686611883 0.003173234174028039 342
1644686611992 0.00264852587133646 343
1644686612137 0.0036340556107461452 344
1644686612323 0.0031396441627293825 345
1644686612434 0.0053538489155471325 346
1644686612551 0.003426013048738241 347
1644686612663 0.0023178288247436285 348
1644686612779 0.0032305733766406775 349
1644686612898 0.0026281632017344236 350
1644686613010 0.002817863365635276 351
1644686613123 0.0034266675356775522 352
1644686613237 0.004729446489363909 353
1644686613351 0.004880518652498722 354
1644686613462 0.0040947687812149525 355
1644686613589 0.0030377579387277365 356
1644686613702 0.004462915938347578 357
1644686613817 0.005131897982209921 358
1644686613931 0.004101923201233149 359
1644686614059 0.0028322881553322077 360
1644686614183 0.0045597185380756855 361
1644686614321 0.00266228336840868 362
1644686614445 0.004148076754063368 363
1644686614569 0.0053740800358355045 364
1644686614678 0.0033594088163226843 365
1644686614794 0.0034681358374655247 366
1644686614906 0.0034195820335298777 367
1644686615020 0.0036479642149060965 368
1644686615145 0.004978478420525789 369
1644686615265 0.0037472315598279238 370
1644686615381 0.004088372923433781 371
1644686615492 0.0037235550116747618 372
1644686615621 0.0030944340396672487 373
1644686615747 0.0041475119069218636 374
1644686615863 0.003036345588043332 375
1644686615972 0.0035072946920990944 376
1644686616084 0.003391757607460022 377
1644686616191 0.0033307962585240602 378
1644686616302 0.0032601719722151756 379
1644686616411 0.0032728409860283136 380
1644686616519 0.0035953714977949858 381
1644686616627 0.0033857121597975492 382
1644686616736 0.0026166862808167934 383
1644686616844 0.0030571126844733953 384
1644686616953 0.004532448947429657 385
1644686617067 0.004734048619866371 386
1644686617176 0.004692306742072105 387
1644686617300 0.0049120341427624226 388
1644686617411 0.0034761736169457436 389
1644686617521 0.0035914599429816008 390
1644686617641 0.0031618063803762197 391
1644686617752 0.0035148353781551123 392
1644686617862 0.002702428260818124 393
1644686617976 0.0031113664153963327 394
1644686618102 0.0057402728125452995 395
1644686618210 0.003629762912169099 396
1644686618374 0.003027850529178977 397
1644686618498 0.00428549712523818 398
1644686618605 0.005301231052726507 399
1644686618712 0.0029958931263536215 400
1644686618847 0.00329629797488451 401
1644686619006 0.002799351466819644 402
1644686619115 0.0026756231673061848 403
1644686619227 0.0030523627065122128 404
1644686619339 0.005631947889924049 405
1644686619454 0.003999911714345217 406
1644686619565 0.002926102839410305 407
1644686619675 0.00275647034868598 408
1644686619788 0.002291872166097164 409
1644686619906 0.0031925567891448736 410
1644686620023 0.0036679848562926054 411
1644686620146 0.003683880204334855 412
1644686620269 0.0037813386879861355 413
1644686620386 0.0025949038099497557 414
1644686620499 0.0021924974862486124 415
1644686620608 0.0024792300537228584 416
1644686620728 0.004266633652150631 417
1644686620836 0.002383469371125102 418
1644686620948 0.004116501193493605 419
1644686621059 0.0035517311189323664 420
1644686621167 0.0034366832114756107 421
1644686621275 0.004049839451909065 422
1644686621379 0.006169718690216541 423
1644686621489 0.003588416613638401 424
1644686621595 0.003846137784421444 425
1644686621697 0.0022067914251238108 426
1644686621815 0.0032146445009857416 427
1644686621919 0.0028583756648004055 428
1644686622029 0.002872106386348605 429
1644686622144 0.0034344636369496584 430
1644686622265 0.003727721981704235 431
1644686622376 0.002703523263335228 432
1644686622485 0.00246428488753736 433
1644686622598 0.004017667844891548 434
1644686622726 0.0045607746578752995 435
1644686622835 0.003433668054640293 436
1644686622944 0.0028866895008832216 437
1644686623056 0.003080352209508419 438
1644686623161 0.0025450240354985 439
1644686623275 0.0034571702126413584 440
1644686623379 0.0032660076394677162 441
1644686623496 0.0035818570759147406 442
1644686623605 0.0028980032075196505 443
1644686623720 0.004382678307592869 444
1644686623835 0.004572560079395771 445
1644686623943 0.003692668629810214 446
1644686624061 0.0051116314716637135 447
1644686624175 0.0026898523792624474 448
1644686624289 0.004249535035341978 449
1644686624397 0.0038618638645857573 450
1644686624509 0.003040692303329706 451
1644686624626 0.005463609006255865 452
1644686624735 0.002301389118656516 453
1644686624851 0.0026881052181124687 454
1644686624957 0.0018104485934600234 455
1644686625067 0.0023463398683816195 456
1644686625230 0.004093061201274395 457
1644686625377 0.0035631642676889896 458
1644686625503 0.002907092683017254 459
1644686625620 0.0028039405588060617 460
1644686625741 0.0034626179840415716 461
1644686625900 0.0024936276022344828 462
1644686626029 0.0032880837097764015 463
1644686626158 0.003362355288118124 464
1644686626289 0.0037245950661599636 465
1644686626427 0.004210625309497118 466
1644686626567 0.004484077449887991 467
1644686626683 0.0029874786268919706 468
1644686626803 0.004669560585170984 469
1644686626911 0.0027171520050615072 470
1644686627025 0.003388294018805027 471
1644686627132 0.0020858189091086388 472
1644686627248 0.0029066740535199642 473
1644686627357 0.003569158259779215 474
1644686627466 0.0018173811258748174 475
1644686627574 0.0024234831798821688 476
1644686627690 0.002745730336755514 477
1644686627798 0.002356952987611294 478
1644686627905 0.0020347663667052984 479
1644686628015 0.002561885165050626 480
1644686628126 0.0037502190098166466 481
1644686628245 0.0028250915929675102 482
1644686628353 0.003072615945711732 483
1644686628461 0.003795776516199112 484
1644686628572 0.0032724998891353607 485
1644686628688 0.002415489638224244 486
1644686628797 0.004011787474155426 487
1644686628909 0.0031337507534772158 488
1644686629018 0.003495847573503852 489
1644686629131 0.0026690280064940453 490
1644686629242 0.004051520023494959 491
1644686629351 0.0027768530417233706 492
1644686629463 0.0038616040255874395 493
1644686629578 0.003147587412968278 494
1644686629689 0.00352938543073833 495
1644686629808 0.00330143328756094 496
1644686629922 0.0027259797789156437 497
1644686630035 0.004088738467544317 498
1644686630144 0.001841758843511343 499
1644686630255 0.003166442969813943 500
1644686630369 0.002521997783333063 501
1644686630480 0.0033350547309964895 502
1644686630629 0.002756734611466527 503
1644686630744 0.0017745794029906392 504
1644686630853 0.0028388516511768103 505
1644686630962 0.0019291439093649387 506
1644686631071 0.002383646322414279 507
1644686631178 0.0031429731752723455 508
1644686631291 0.004224344156682491 509
1644686631398 0.0027416886296123266 510
1644686631508 0.0035553902853280306 511
1644686631619 0.003750172443687916 512
1644686631731 0.0027587665244936943 513
1644686631843 0.00442083552479744 514
1644686631952 0.0022905878722667694 515
1644686632060 0.00396881764754653 516
1644686632171 0.0029129975009709597 517
1644686632276 0.003087419318035245 518
1644686632389 0.004687112756073475 519
1644686632500 0.004198066890239716 520
1644686632613 0.00587480841204524 521
1644686632723 0.005237631965428591 522
1644686632843 0.004948848392814398 523
1644686632958 0.0031914368737488985 524
1644686633074 0.003445998067036271 525
1644686633185 0.002636768389493227 526
1644686633301 0.0019812865648418665 527
1644686633411 0.0032771832775324583 528
1644686633524 0.003552965121343732 529
1644686633640 0.003831568406894803 530
1644686633748 0.0025071294512599707 531
1644686633859 0.0038603520952165127 532
1644686633967 0.0035812356509268284 533
1644686634082 0.0034548649564385414 534
1644686634196 0.0044446117244660854 535
1644686634306 0.0029597647953778505 536
1644686634418 0.002731865970417857 537
1644686634528 0.00370720773935318 538
1644686634642 0.0031944126822054386 539
1644686634750 0.0033170992974191904 540
1644686634859 0.003998763393610716 541
1644686634969 0.002862738212570548 542
1644686635085 0.00359704508446157 543
1644686635210 0.002788982354104519 544
1644686635319 0.003630033927038312 545
1644686635425 0.0034528635442256927 546
1644686635532 0.0034370978828519583 547
1644686635639 0.0034876815043389797 548
1644686635755 0.0027605316136032343 549
1644686635865 0.003194004064425826 550
1644686635973 0.002725110622122884 551
1644686636080 0.004425870254635811 552
1644686636189 0.002646711654961109 553
1644686636302 0.002461435040459037 554
1644686636414 0.0024312546011060476 555
1644686636519 0.0017403591191396117 556
1644686636631 0.0018106192583218217 557
1644686636739 0.0029239116702228785 558
1644686636853 0.002582508372142911 559
1644686636961 0.0022781749721616507 560
1644686637085 0.0021488701459020376 561
1644686637200 0.002739118179306388 562
1644686637307 0.0032578804530203342 563
1644686637422 0.0026640610303729773 564
1644686637533 0.003309031017124653 565
1644686637642 0.003888165345415473 566
1644686637758 0.0023791135754436255 567
1644686637868 0.003332827938720584 568
1644686637978 0.0023726762738078833 569
1644686638092 0.0018446953035891056 570
1644686638208 0.0015962999314069748 571
1644686638324 0.0022300949785858393 572
1644686638433 0.004389043431729078 573
1644686638542 0.003128707641735673 574
1644686638653 0.0045197042636573315 575
1644686638765 0.002282508881762624 576
1644686638881 0.004004524089396 577
1644686639006 0.003189654555171728 578
1644686639116 0.0027470802888274193 579
1644686639229 0.002580709522590041 580
1644686639335 0.0031858838628977537 581
1644686639454 0.0019692552741616964 582
1644686639572 0.0030543103348463774 583
1644686639683 0.003797762328758836 584
1644686639789 0.0031111305579543114 585
1644686639901 0.0018615591106936336 586
1644686640012 0.003200183156877756 587
1644686640126 0.0035001500509679317 588
1644686640235 0.0030118287540972233 589
1644686640354 0.0056702266447246075 590
1644686640467 0.002644123276695609 591
1644686640588 0.0045112017542123795 592
1644686640703 0.002885909518226981 593
1644686640850 0.0031099184416234493 594
1644686641042 0.003520721336826682 595
1644686641288 0.0032514927443116903 596
1644686641506 0.0032644302118569613 597
1644686641632 0.0037679574452340603 598
1644686641818 0.0026853829622268677 599
1644686641945 0.0030321849044412374 600
1644686642208 0.003566153347492218 601
1644686642425 0.0029743672348558903 602
1644686642645 0.0025627771392464638 603
1644686642862 0.002357989316806197 604
1644686642992 0.003058784641325474 605
1644686643109 0.004434415139257908 606
1644686643269 0.0022569578140974045 607
1644686643444 0.00234089232981205 608
1644686643565 0.0030405321158468723 609
1644686643677 0.0035065801348537207 610
1644686643810 0.0027256624307483435 611
1644686643952 0.0035706853959709406 612
1644686644064 0.002811633748933673 613
1644686644180 0.0029409280978143215 614
1644686644296 0.0029560939874500036 615
1644686644411 0.0032964819110929966 616
1644686644530 0.0022321173455566168 617
1644686644641 0.003479780163615942 618
1644686644810 0.0019524161471053958 619
1644686644942 0.0015862099826335907 620
1644686645064 0.001973202219232917 621
1644686645193 0.0027073328383266926 622
1644686645339 0.0027380837127566338 623
1644686645444 0.004308718256652355 624
1644686645549 0.002862713299691677 625
1644686645679 0.0025124235544353724 626
1644686645810 0.0018519186414778233 627
1644686645931 0.0025864262133836746 628
1644686646044 0.0030943378806114197 629
1644686646190 0.003061341354623437 630
1644686646366 0.0029678286518901587 631
1644686646547 0.002804873278364539 632
1644686646655 0.0029666475020349026 633
1644686646763 0.0026226984336972237 634
1644686646903 0.003494907869026065 635
1644686647093 0.004775850102305412 636
1644686647260 0.0036860816180706024 637
1644686647385 0.003735587000846863 638
1644686647499 0.0032379301264882088 639
1644686647608 0.004026373848319054 640
1644686647721 0.0037887936923652887 641
1644686647845 0.005006047431379557 642
1644686647963 0.0026909117586910725 643
1644686648079 0.0023085421416908503 644
1644686648190 0.0021478624548763037 645
1644686648315 0.002456532558426261 646
1644686648447 0.002697035437449813 647
1644686648643 0.004390230868011713 648
1644686648766 0.00354324490763247 649
1644686648961 0.0027687535621225834 650
1644686649162 0.002935303607955575 651
1644686649333 0.0032272101379930973 652
1644686649448 0.002998021198436618 653
1644686649559 0.0024584149941802025 654
1644686649675 0.0020506305154412985 655
1644686649804 0.003425762290135026 656
1644686649961 0.0016742959851399064 657
1644686650153 0.003601518925279379 658
1644686650314 0.0032334192655980587 659
1644686650425 0.002517629647627473 660
1644686650532 0.0042614019475877285 661
1644686650644 0.0018460068386048079 662
1644686650753 0.003681250149384141 663
1644686650865 0.0030758262146264315 664
1644686650973 0.003236440708860755 665
1644686651086 0.004646757617592812 666
1644686651196 0.005136059131473303 667
1644686651359 0.0032643317244946957 668
1644686651484 0.002999416785314679 669
1644686651591 0.0027903334703296423 670
1644686651707 0.0034410313237458467 671
1644686651879 0.002322097308933735 672
1644686652045 0.0025737120304256678 673
1644686652164 0.002603223081678152 674
1644686652281 0.0021547204814851284 675
1644686652391 0.002549524186179042 676
1644686652586 0.003203277476131916 677
1644686652706 0.00420923950150609 678
1644686652821 0.002806153381243348 679
1644686652958 0.0027199930045753717 680
1644686653108 0.00346554908901453 681
1644686653221 0.003845936618745327 682
1644686653337 0.0032123764976859093 683
1644686653446 0.0031163759995251894 684
1644686653557 0.0026843042578548193 685
1644686653670 0.0030278461053967476 686
1644686653782 0.0028929822146892548 687
1644686653893 0.002340405248105526 688
1644686654002 0.0026428126730024815 689
1644686654120 0.0025584022514522076 690
1644686654333 0.0026969769969582558 691
1644686654451 0.0030492201913148165 692
1644686654559 0.003235636744648218 693
1644686654685 0.0032589398324489594 694
1644686654886 0.005933752283453941 695
1644686655023 0.002550743520259857 696
1644686655129 0.002732965163886547 697
1644686655242 0.0021348115988075733 698
1644686655357 0.002982089761644602 699
1644686655470 0.0029084200505167246 700
1644686655578 0.0024541253224015236 701
1644686655686 0.0032537204679101706 702
1644686655798 0.003727355506271124 703
1644686655958 0.002503955038264394 704
1644686656092 0.003171170363202691 705
1644686656203 0.003231181763112545 706
1644686656314 0.0034195492044091225 707
1644686656434 0.003672253340482712 708
1644686656543 0.002762608928605914 709
1644686656654 0.0024279842618852854 710
1644686656765 0.003812654409557581 711
1644686656921 0.00446346215903759 712
1644686657077 0.0036432489287108183 713
1644686657203 0.0025361268781125546 714
1644686657402 0.0027814581990242004 715
1644686657539 0.002956852549687028 716
1644686657664 0.0021397226955741644 717
1644686657808 0.0039354912005364895 718
1644686658046 0.0049049872905015945 719
1644686658229 0.0029421946965157986 720
1644686658355 0.003490943694487214 721
1644686658567 0.0037106790114194155 722
1644686658842 0.0036271752323955297 723
1644686659029 0.0022964950185269117 724
1644686659139 0.0021129976958036423 725
1644686659251 0.002825699280947447 726
1644686659366 0.002088528359308839 727
1644686659571 0.0022343348246067762 728
1644686659784 0.003028503619134426 729
1644686660022 0.004353606607764959 730
1644686660206 0.0034199864603579044 731
1644686660317 0.003045029938220978 732
1644686660428 0.0028482975903898478 733
1644686660538 0.0023901371750980616 734
1644686660724 0.0025030954275280237 735
1644686660959 0.001821150304749608 736
1644686661154 0.0030945332255214453 737
1644686661273 0.0028622858226299286 738
1644686661394 0.0032310935202986 739
1644686661510 0.0031372234225273132 740
1644686661618 0.0033583769109100103 741
1644686661725 0.0020930180326104164 742
1644686661838 0.0022634451743215322 743
1644686661947 0.0030553615652024746 744
1644686662056 0.0019462044583633542 745
1644686662189 0.0027690071146935225 746
1644686662360 0.0024917060509324074 747
1644686662544 0.0052140457555651665 748
1644686662656 0.003940754570066929 749
1644686662766 0.004320105072110891 750
1644686662955 0.0017662361497059464 751
1644686663153 0.00234107649885118 752
1644686663294 0.002110579516738653 753
1644686663424 0.0037663266994059086 754
1644686663556 0.001964094117283821 755
1644686663662 0.003045347286388278 756
1644686663774 0.004120478872209787 757
1644686663881 0.0032243384048342705 758
1644686663996 0.002504762029275298 759
1644686664104 0.0035047009587287903 760
1644686664218 0.0038017630577087402 761
1644686664328 0.004541522357612848 762
1644686664443 0.0025702558923512697 763
1644686664556 0.0025413010735064745 764
1644686664668 0.004545584321022034 765
1644686664847 0.0022258320823311806 766
1644686664957 0.0019790835212916136 767
1644686665066 0.0024877453688532114 768
1644686665185 0.0020540254190564156 769
1644686665313 0.003465247107669711 770
1644686665478 0.004315921571105719 771
1644686665591 0.0028326658066362143 772
1644686665727 0.002069264417514205 773
1644686665900 0.0032521693501621485 774
1644686666013 0.0027397817466408014 775
1644686666126 0.004490802995860577 776
1644686666242 0.0029403052758425474 777
1644686666385 0.0021871679928153753 778
1644686666532 0.002556338207796216 779
1644686666642 0.002050267532467842 780
1644686666768 0.0019860072061419487 781
1644686666960 0.003270795103162527 782
1644686667093 0.002455716719850898 783
1644686667325 0.0023878994397819042 784
1644686667578 0.0034951919224113226 785
1644686667789 0.002889051800593734 786
1644686667934 0.0027754970360547304 787
1644686668091 0.00226905127055943 788
1644686668274 0.0028221579268574715 789
1644686668450 0.0029699215665459633 790
1644686668696 0.001982258865609765 791
1644686668948 0.0020312045235186815 792
1644686669164 0.0038394643925130367 793
1644686669375 0.0029217374976724386 794
1644686669561 0.002565596951171756 795
1644686669737 0.003052907297387719 796
1644686669928 0.003474608762189746 797
1644686670043 0.0029982305131852627 798
1644686670153 0.0014042919501662254 799
1644686670262 0.0031440453603863716 800
1644686670374 0.002626558765769005 801
1644686670486 0.0028998753987252712 802
1644686670601 0.0030983106698840857 803
1644686670714 0.002290142932906747 804
1644686670834 0.001743464614264667 805
1644686670952 0.0033323063980787992 806
1644686671063 0.002443793462589383 807
1644686671186 0.002412140602245927 808
1644686671305 0.004552661906927824 809
1644686671425 0.0038390380796045065 810
1644686671543 0.005094044376164675 811
1644686671659 0.0022619268856942654 812
1644686671771 0.002522912574931979 813
1644686671890 0.0032863535452634096 814
1644686672030 0.0023968846071511507 815
1644686672141 0.00390821136534214 816
1644686672259 0.003586707403883338 817
1644686672469 0.0037962666247040033 818
1644686672603 0.0030417495872825384 819
1644686672796 0.0034064461942762136 820
1644686673012 0.0019242248963564634 821
1644686673140 0.002297121798619628 822
1644686673351 0.003119946224614978 823
1644686673642 0.0032786785159260035 824
1644686673866 0.0030255599413067102 825
1644686673995 0.002158924238756299 826
1644686674120 0.002748416503891349 827
1644686674281 0.002626466564834118 828
1644686674538 0.0034615120384842157 829
1644686674865 0.0015669495332986116 830
1644686675032 0.0026278444565832615 831
1644686675198 0.0022847072687000036 832
1644686675331 0.002721840050071478 833
1644686675466 0.002520924899727106 834
1644686675581 0.0019273676443845034 835
1644686675693 0.002800676506012678 836
1644686675799 0.002841508248820901 837
1644686675910 0.0031891698017716408 838
1644686676036 0.0019529639976099133 839
1644686676234 0.003350751707330346 840
1644686676356 0.0019702219869941473 841
1644686676464 0.002631421899423003 842
1644686676570 0.002308397786691785 843
1644686676692 0.0022226350847631693 844
1644686676806 0.0026768080424517393 845
1644686676930 0.003259822726249695 846
1644686677097 0.003997190855443478 847
1644686677209 0.002490404760465026 848
1644686677321 0.005268808454275131 849
1644686677484 0.002354236086830497 850
1644686677624 0.0023531951010227203 851
1644686677734 0.0022612223401665688 852
1644686677917 0.00325332791544497 853
1644686678042 0.002899233251810074 854
1644686678151 0.0035612003412097692 855
1644686678264 0.002488597994670272 856
1644686678377 0.0029470345471054316 857
1644686678488 0.0020385109819471836 858
1644686678598 0.0018612793646752834 859
1644686678713 0.0026036372873932123 860
1644686678823 0.0028965750243514776 861
1644686678957 0.0031259178649634123 862
1644686679129 0.0023275665007531643 863
1644686679244 0.0020437734201550484 864
1644686679360 0.0040903594344854355 865
1644686679504 0.002443380421027541 866
1644686679683 0.003916668705642223 867
1644686679820 0.003907724283635616 868
1644686679934 0.0036903053987771273 869
1644686680040 0.002315433695912361 870
1644686680198 0.003989875316619873 871
1644686680328 0.002635708311572671 872
1644686680438 0.0041187359020113945 873
1644686680554 0.002977187978103757 874
1644686680665 0.002467007841914892 875
1644686680778 0.0037888966035097837 876
1644686680889 0.0018957674037665129 877
1644686680996 0.0014709251699969172 878
1644686681115 0.0031738632824271917 879
1644686681225 0.0033240639604628086 880
1644686681334 0.0026764057110995054 881
1644686681447 0.0018745335983112454 882
1644686681558 0.002420617500320077 883
1644686681665 0.0017462167888879776 884
1644686681792 0.0027987451758235693 885
1644686681962 0.0025430391542613506 886
1644686682064 0.00282470160163939 887
1644686682176 0.00230606971308589 888
1644686682283 0.003276693169027567 889
1644686682395 0.004918222315609455 890
1644686682506 0.0030786411371082067 891
1644686682657 0.0032525397837162018 892
1644686682818 0.0018911754013970494 893
1644686682930 0.002963627688586712 894
1644686683047 0.002243738854303956 895
1644686683161 0.0032340430188924074 896
1644686683336 0.0029774284921586514 897
1644686683460 0.0026409232523292303 898
1644686683572 0.0021233053412288427 899
1644686683681 0.004783270880579948 900
1644686683806 0.002839583670720458 901
1644686683973 0.0035223441664129496 902
1644686684076 0.0027649635449051857 903
1644686684186 0.003457699902355671 904
1644686684298 0.002327010966837406 905
1644686684407 0.003048753598704934 906
1644686684521 0.003011826192960143 907
1644686684632 0.0021865693852305412 908
1644686684734 0.0019418052397668362 909
1644686684845 0.002681482583284378 910
1644686684961 0.0017268669325858355 911
1644686685075 0.004662778694182634 912
1644686685183 0.002872849814593792 913
1644686685297 0.002171077998355031 914
1644686685403 0.002089245244860649 915
1644686685518 0.004518760833889246 916
1644686685630 0.0030438057146966457 917
1644686685740 0.0036054453812539577 918
1644686685854 0.0022552325390279293 919
1644686685990 0.0029200955759733915 920
1644686686104 0.002701769582927227 921
1644686686212 0.0033840052783489227 922
1644686686326 0.0021542550530284643 923
1644686686443 0.0037263149861246347 924
1644686686550 0.0023294833954423666 925
1644686686663 0.002949700690805912 926
1644686686767 0.0025853703264147043 927
1644686686883 0.002569311996921897 928
1644686686991 0.00326196919195354 929
1644686687100 0.005684012081474066 930
1644686687213 0.0017859239596873522 931
1644686687329 0.003236385527998209 932
1644686687452 0.0026547806337475777 933
1644686687563 0.0022937292233109474 934
1644686687676 0.0020198447164148092 935
1644686687790 0.001924126292578876 936
1644686687900 0.0018331723986193538 937
1644686688013 0.0021164482459425926 938
1644686688126 0.0019313410157337785 939
1644686688238 0.0019775836262851954 940
1644686688356 0.002131667220965028 941
1644686688463 0.0026423491071909666 942
1644686688568 0.003388400888070464 943
1644686688678 0.001747768372297287 944
1644686688793 0.0038488321006298065 945
1644686688901 0.004212779458612204 946
1644686689008 0.0022864879574626684 947
1644686689118 0.002669953042641282 948
1644686689250 0.0040524424985051155 949
1644686689368 0.002112447749823332 950
1644686689501 0.002074204618111253 951
1644686689619 0.002835463033989072 952
1644686689737 0.002946586348116398 953
1644686689852 0.003086392767727375 954
1644686689973 0.00387780973687768 955
1644686690109 0.0016539692878723145 956
1644686690231 0.003122878260910511 957
1644686690354 0.0032556920778006315 958
1644686690495 0.0023999155964702368 959
1644686690605 0.0018594312714412808 960
1644686690718 0.003787040011957288 961
1644686690837 0.0030856728553771973 962
1644686690946 0.0042393091134727 963
1644686691055 0.0036780396476387978 964
1644686691165 0.002049664268270135 965
1644686691278 0.002647395245730877 966
1644686691392 0.0022712324280291796 967
1644686691501 0.0022645837161689997 968
1644686691617 0.0024984015617519617 969
1644686691727 0.003696880303323269 970
1644686691839 0.002545124851167202 971
1644686691956 0.00334203545935452 972
1644686692064 0.0025036579463630915 973
1644686692177 0.002376747317612171 974
1644686692287 0.003790001617744565 975
1644686692400 0.0023282950278371572 976
1644686692513 0.0026106899604201317 977
1644686692618 0.0023174479138106108 978
1644686692728 0.0026545387227088213 979
1644686692838 0.003488488495349884 980
1644686692966 0.0037173060700297356 981
1644686693081 0.003834603587165475 982
1644686693198 0.004115774296224117 983
1644686693302 0.00223504938185215 984
1644686693416 0.00392945809289813 985
1644686693528 0.0019953493028879166 986
1644686693643 0.002824916038662195 987
1644686693803 0.0024629980325698853 988
1644686693912 0.004336807411164045 989
1644686694031 0.0036755946930497885 990
1644686694142 0.005026121158152819 991
1644686694257 0.002347051165997982 992
1644686694368 0.002491418970748782 993
1644686694479 0.003265693550929427 994
1644686694586 0.0019440912874415517 995
1644686694692 0.003178046550601721 996
1644686694805 0.002649004338309169 997
1644686694916 0.0027946652844548225 998
1644686695034 0.002065909095108509 999
