1644686552605 0.09715981781482697 0
1644686553953 0.038555216044187546 1
1644686555130 0.02354038879275322 2
1644686555348 0.018024489283561707 3
1644686555581 0.01856110617518425 4
1644686555817 0.0139183159917593 5
1644686556008 0.011220676824450493 6
1644686556281 0.011568378657102585 7
1644686556519 0.013747620396316051 8
1644686556714 0.010421600192785263 9
1644686556940 0.010971407406032085 10
1644686557136 0.0099147018045187 11
1644686557367 0.012134739197790623 12
1644686557584 0.010820715688169003 13
1644686557781 0.009206068702042103 14
1644686557985 0.007885298691689968 15
1644686558186 0.007722904905676842 16
1644686558382 0.008181118406355381 17
1644686558579 0.007670015096664429 18
1644686558774 0.012440349906682968 19
1644686558970 0.008433125913143158 20
1644686559164 0.009009098634123802 21
1644686559381 0.008817612193524837 22
1644686559587 0.007722372189164162 23
1644686559819 0.009432687424123287 24
1644686560012 0.007880010642111301 25
1644686560255 0.008952479809522629 26
1644686560447 0.007712915539741516 27
1644686560665 0.008171621710062027 28
1644686560821 0.008503408171236515 29
1644686561046 0.008033404126763344 30
1644686561320 0.007135096006095409 31
1644686561628 0.006794765591621399 32
1644686561895 0.007742262911051512 33
1644686562131 0.007185735274106264 34
1644686562333 0.010016004554927349 35
1644686562498 0.005716046784073114 36
1644686562686 0.004925359971821308 37
1644686562845 0.006683706771582365 38
1644686562988 0.006246613338589668 39
1644686563154 0.006813382729887962 40
1644686563329 0.010022414848208427 41
1644686563475 0.007922432385385036 42
1644686563595 0.0057440949603915215 43
1644686563717 0.007154515478760004 44
1644686563846 0.0046769180335104465 45
1644686564039 0.00788065418601036 46
1644686564179 0.0054169949144124985 47
1644686564316 0.004957967903465033 48
1644686564454 0.005577025935053825 49
1644686564584 0.004374179523438215 50
1644686564722 0.006515120156109333 51
1644686564848 0.005620260257273912 52
1644686564981 0.006979522295296192 53
1644686565110 0.006943655200302601 54
1644686565232 0.007090892177075148 55
1644686565349 0.006095670163631439 56
1644686565472 0.005424123723059893 57
1644686565600 0.005411969963461161 58
1644686565727 0.006523523014038801 59
1644686565851 0.007504584267735481 60
1644686566005 0.006296791136264801 61
1644686566123 0.005353298503905535 62
1644686566241 0.007070024497807026 63
1644686566365 0.006496273446828127 64
1644686566483 0.00789646990597248 65
1644686566605 0.007521859835833311 66
1644686566720 0.006052066572010517 67
1644686566837 0.005238422658294439 68
1644686566954 0.005135092884302139 69
1644686567077 0.005926057230681181 70
1644686567199 0.005779706407338381 71
1644686567313 0.006637951824814081 72
1644686567428 0.0066499472595751286 73
1644686567710 0.007311149034649134 74
1644686568002 0.007588520646095276 75
1644686568284 0.004378896672278643 76
1644686568553 0.006103611085563898 77
1644686568852 0.0036886639427393675 78
1644686569161 0.005513983778655529 79
1644686569417 0.00852450542151928 80
1644686569723 0.0051839011721313 81
1644686570273 0.0035337666049599648 82
1644686570646 0.004972598981112242 83
1644686570954 0.004471753723919392 84
1644686571208 0.005154899787157774 85
1644686571470 0.00429535610601306 86
1644686571728 0.006252467632293701 87
1644686571968 0.005866827443242073 88
1644686572223 0.004218550864607096 89
1644686572403 0.004963970277458429 90
1644686572582 0.004719656892120838 91
1644686572770 0.004708115477114916 92
1644686572973 0.004653363022953272 93
1644686573164 0.005681667476892471 94
1644686573342 0.004181293770670891 95
1644686573541 0.004062991123646498 96
1644686573746 0.005463329143822193 97
1644686573956 0.005166285205632448 98
1644686574162 0.003926684148609638 99
1644686574393 0.004236340988427401 100
1644686574771 0.0068368613719940186 101
1644686575309 0.004364932421594858 102
1644686575837 0.00624656118452549 103
1644686576537 0.0034369388595223427 104
1644686577028 0.004072044510394335 105
1644686577543 0.006179147865623236 106
1644686578840 0.005132005549967289 107
1644686579718 0.005787670612335205 108
1644686580006 0.005874219816178083 109
1644686580171 0.005167992785573006 110
1644686580306 0.007338693365454674 111
1644686580428 0.0069992151111364365 112
1644686580557 0.004323433618992567 113
1644686580692 0.0053988490253686905 114
1644686580813 0.00713900662958622 115
1644686580943 0.007324887905269861 116
1644686581057 0.003674590028822422 117
1644686581165 0.004393983166664839 118
1644686581266 0.003397594904527068 119
1644686581379 0.002947602653875947 120
1644686581485 0.005546048749238253 121
1644686581593 0.004174811765551567 122
1644686581701 0.004350561648607254 123
1644686581812 0.004863219801336527 124
1644686581922 0.0038658445701003075 125
1644686582047 0.004070919938385487 126
1644686582164 0.0038415223825722933 127
1644686582265 0.003545083338394761 128
1644686582373 0.0028269255999475718 129
1644686582479 0.003238718258216977 130
1644686582585 0.003590027801692486 131
1644686582698 0.0030671751592308283 132
1644686582801 0.0035193602088838816 133
1644686582934 0.0035027489066123962 134
1644686583046 0.002523333067074418 135
1644686583159 0.003590140724554658 136
1644686583265 0.0033671462442725897 137
1644686583381 0.004363019950687885 138
1644686583498 0.004870922304689884 139
1644686583604 0.003781331470236182 140
1644686583717 0.0032782191410660744 141
1644686583876 0.004609186667948961 142
1644686583996 0.003321424126625061 143
1644686584107 0.00268435082398355 144
1644686584225 0.003814613912254572 145
1644686584369 0.0042842086404562 146
1644686584486 0.0032776782754808664 147
1644686584601 0.005578404292464256 148
1644686584742 0.0038647777400910854 149
1644686584956 0.006318673491477966 150
1644686585079 0.003491549752652645 151
1644686585263 0.003663626965135336 152
1644686585392 0.005268538370728493 153
1644686585507 0.0036553964018821716 154
1644686585652 0.003984017297625542 155
1644686585795 0.007206812966614962 156
1644686585932 0.0031461080070585012 157
1644686586047 0.004551847465336323 158
1644686586166 0.004442634992301464 159
1644686586277 0.002990533597767353 160
1644686586398 0.0022529135458171368 161
1644686586514 0.004393053241074085 162
1644686586626 0.005172209348529577 163
1644686586743 0.0025968195404857397 164
1644686586857 0.0028433992993086576 165
1644686586978 0.004031924530863762 166
1644686587086 0.003410470439121127 167
1644686587198 0.003563124919310212 168
1644686587313 0.004367171786725521 169
1644686587429 0.005178583785891533 170
1644686587540 0.0028213446494191885 171
1644686587648 0.004522419068962336 172
1644686587770 0.0028348518535494804 173
1644686587885 0.005688908975571394 174
1644686588002 0.003643802599981427 175
1644686588116 0.0032365857623517513 176
1644686588243 0.004183811601251364 177
1644686588356 0.0052288006991147995 178
1644686588473 0.003024971578270197 179
1644686588589 0.004720292519778013 180
1644686588715 0.0048391614109277725 181
1644686588834 0.004782373085618019 182
1644686588957 0.00430550379678607 183
1644686589085 0.005065971054136753 184
1644686589198 0.00532818678766489 185
1644686589310 0.004218504764139652 186
1644686589422 0.003287224331870675 187
1644686589540 0.005386176519095898 188
1644686589670 0.003451265161857009 189
1644686589778 0.003529624780640006 190
1644686589890 0.00472189811989665 191
1644686590006 0.003146218368783593 192
1644686590112 0.0046048834919929504 193
1644686590225 0.0033274793531745672 194
1644686590338 0.003446520771831274 195
1644686590447 0.0033665895462036133 196
1644686590578 0.0029235302936285734 197
1644686590693 0.003958508372306824 198
1644686590848 0.0032473078463226557 199
1644686591095 0.002880714600905776 200
1644686591288 0.0028716956730931997 201
1644686591416 0.005048649851232767 202
1644686591545 0.00478717777878046 203
1644686591670 0.004013613797724247 204
1644686591783 0.003651627106592059 205
1644686591901 0.004442252218723297 206
1644686592011 0.002398003591224551 207
1644686592133 0.0030701064970344305 208
1644686592255 0.005267743486911058 209
1644686592370 0.003181099658831954 210
1644686592496 0.0034704364370554686 211
1644686592613 0.004634322132915258 212
1644686592731 0.005660153925418854 213
1644686592844 0.005658807698637247 214
1644686592951 0.0027382245752960443 215
1644686593061 0.00519854249432683 216
1644686593193 0.004994359333068132 217
1644686593319 0.0026504688430577517 218
1644686593442 0.005053155589848757 219
1644686593566 0.003637089626863599 220
1644686593687 0.004094752948731184 221
1644686593810 0.004242942202836275 222
1644686593933 0.005136827006936073 223
1644686594053 0.002657767618075013 224
1644686594185 0.004015827085822821 225
1644686594319 0.0019916235469281673 226
1644686594467 0.004222140647470951 227
1644686594583 0.0035673165693879128 228
1644686594695 0.003054311266168952 229
1644686594814 0.0038573925849050283 230
1644686594928 0.003191722324118018 231
1644686595036 0.005180165637284517 232
1644686595147 0.0033916370011866093 233
1644686595262 0.004867967683821917 234
1644686595374 0.0031732781790196896 235
1644686595482 0.004736343864351511 236
1644686595592 0.00492553086951375 237
1644686595706 0.0024394153151661158 238
1644686595812 0.002413275418803096 239
1644686595928 0.003647048957645893 240
1644686596038 0.0030286796391010284 241
1644686596149 0.004781683906912804 242
1644686596271 0.005819404497742653 243
1644686596403 0.004388780333101749 244
1644686596530 0.004589043091982603 245
1644686596667 0.003833066439256072 246
1644686596814 0.004204920027405024 247
1644686596925 0.006966151762753725 248
1644686597049 0.0045471652410924435 249
1644686597160 0.002574287122115493 250
1644686597261 0.005218296777456999 251
1644686597375 0.003353333566337824 252
1644686597477 0.004492003004997969 253
1644686597696 0.0031567879486829042 254
1644686597931 0.0032613640651106834 255
1644686598066 0.003984573297202587 256
1644686598195 0.004184033256024122 257
1644686598383 0.003546747611835599 258
1644686598549 0.004980482626706362 259
1644686598704 0.003943275194615126 260
1644686598879 0.0022996163461357355 261
1644686598983 0.0047399490140378475 262
1644686599101 0.0035896277986466885 263
1644686599274 0.004114484414458275 264
1644686599437 0.00415340531617403 265
1644686599565 0.003209424205124378 266
1644686599748 0.0037115514278411865 267
1644686599857 0.002475104294717312 268
1644686599996 0.005339635536074638 269
1644686600214 0.003941998351365328 270
1644686600341 0.003351801075041294 271
1644686600460 0.0039132642559707165 272
1644686600563 0.005122792441397905 273
1644686600677 0.006555475294589996 274
1644686600879 0.0039962963201105595 275
1644686600989 0.0034920559264719486 276
1644686601100 0.0030745728872716427 277
1644686601214 0.0026850791182368994 278
1644686601325 0.0032548324670642614 279
1644686601535 0.003238634206354618 280
1644686601753 0.003897319547832012 281
1644686601864 0.007372008170932531 282
1644686601981 0.00505034439265728 283
1644686602095 0.003071238985285163 284
1644686602215 0.004005167167633772 285
1644686602324 0.0036762116942554712 286
1644686602485 0.0070022642612457275 287
1644686602607 0.004387031774967909 288
1644686602726 0.004574338905513287 289
1644686602837 0.0023829329293221235 290
1644686602998 0.0031804265454411507 291
1644686603129 0.0025059031322598457 292
1644686603248 0.003447651630267501 293
1644686603358 0.002658542012795806 294
1644686603470 0.002937562996521592 295
1644686603632 0.00239232718013227 296
1644686603841 0.0033126487396657467 297
1644686604076 0.0028965056408196688 298
1644686604277 0.0028297363314777613 299
1644686604417 0.0031366348266601562 300
1644686604604 0.0023824579548090696 301
1644686604794 0.0031285397708415985 302
1644686604975 0.002431565662845969 303
1644686605166 0.0020437014754861593 304
1644686605290 0.004660020116716623 305
1644686605398 0.004683659877628088 306
1644686605560 0.0033039229456335306 307
1644686605853 0.002161787822842598 308
1644686606070 0.004241220187395811 309
1644686606300 0.004069894086569548 310
1644686606540 0.001875300775282085 311
1644686606756 0.0031175105832517147 312
1644686606977 0.003662497503682971 313
1644686607092 0.002979888580739498 314
1644686607199 0.003162492997944355 315
1644686607343 0.003394324565306306 316
1644686607534 0.005404030904173851 317
1644686607769 0.0027556244749575853 318
1644686607972 0.0023399293422698975 319
1644686608078 0.0031556719914078712 320
1644686608190 0.002985190600156784 321
1644686608298 0.0054750945419073105 322
1644686608509 0.004736966919153929 323
1644686608614 0.0039818850345909595 324
1644686608734 0.0029433928430080414 325
1644686608843 0.003406987525522709 326
1644686608961 0.0036540040746331215 327
1644686609076 0.0019077676115557551 328
1644686609228 0.0030291243456304073 329
1644686609539 0.0023270314559340477 330
1644686609787 0.0031131235882639885 331
1644686609926 0.002304637338966131 332
1644686610059 0.003412058809772134 333
1644686610333 0.0036982125602662563 334
1644686610549 0.0032144582364708185 335
1644686610706 0.003906042082235217 336
1644686610872 0.0043073794804513454 337
1644686611193 0.003540659788995981 338
1644686611454 0.004213878884911537 339
1644686611572 0.004378316458314657 340
1644686611769 0.004048087168484926 341
1644686611873 0.003173234174028039 342
1644686611980 0.00264852587133646 343
1644686612120 0.0036340556107461452 344
1644686612312 0.0031396441627293825 345
1644686612423 0.0053538489155471325 346
1644686612541 0.003426013048738241 347
1644686612652 0.0023178288247436285 348
1644686612769 0.0032305733766406775 349
1644686612887 0.0026281632017344236 350
1644686612998 0.002817863365635276 351
1644686613113 0.0034266675356775522 352
1644686613226 0.004729446489363909 353
1644686613341 0.004880518652498722 354
1644686613451 0.0040947687812149525 355
1644686613579 0.0030377579387277365 356
1644686613693 0.004462915938347578 357
1644686613808 0.005131897982209921 358
1644686613924 0.004101923201233149 359
1644686614049 0.0028322881553322077 360
1644686614174 0.0045597185380756855 361
1644686614310 0.00266228336840868 362
1644686614432 0.004148076754063368 363
1644686614559 0.0053740800358355045 364
1644686614670 0.0033594088163226843 365
1644686614786 0.0034681358374655247 366
1644686614894 0.0034195820335298777 367
1644686615009 0.0036479642149060965 368
1644686615124 0.004978478420525789 369
1644686615255 0.0037472315598279238 370
1644686615369 0.004088372923433781 371
1644686615480 0.0037235550116747618 372
1644686615606 0.0030944340396672487 373
1644686615735 0.0041475119069218636 374
1644686615851 0.003036345588043332 375
1644686615960 0.0035072946920990944 376
1644686616075 0.003391757607460022 377
1644686616183 0.0033307962585240602 378
1644686616293 0.0032601719722151756 379
1644686616402 0.0032728409860283136 380
1644686616509 0.0035953714977949858 381
1644686616618 0.0033857121597975492 382
1644686616726 0.0026166862808167934 383
1644686616835 0.0030571126844733953 384
1644686616944 0.004532448947429657 385
1644686617058 0.004734048619866371 386
1644686617167 0.004692306742072105 387
1644686617289 0.0049120341427624226 388
1644686617400 0.0034761736169457436 389
1644686617508 0.0035914599429816008 390
1644686617631 0.0031618063803762197 391
1644686617742 0.0035148353781551123 392
1644686617851 0.002702428260818124 393
1644686617963 0.0031113664153963327 394
1644686618091 0.0057402728125452995 395
1644686618200 0.003629762912169099 396
1644686618356 0.003027850529178977 397
1644686618490 0.00428549712523818 398
1644686618597 0.005301231052726507 399
1644686618704 0.0029958931263536215 400
1644686618833 0.00329629797488451 401
1644686618995 0.002799351466819644 402
1644686619104 0.0026756231673061848 403
1644686619218 0.0030523627065122128 404
1644686619330 0.005631947889924049 405
1644686619445 0.003999911714345217 406
1644686619555 0.002926102839410305 407
1644686619663 0.00275647034868598 408
1644686619779 0.002291872166097164 409
1644686619895 0.0031925567891448736 410
1644686620013 0.0036679848562926054 411
1644686620133 0.003683880204334855 412
1644686620259 0.0037813386879861355 413
1644686620375 0.0025949038099497557 414
1644686620486 0.0021924974862486124 415
1644686620598 0.0024792300537228584 416
1644686620718 0.004266633652150631 417
1644686620826 0.002383469371125102 418
1644686620939 0.004116501193493605 419
1644686621049 0.0035517311189323664 420
1644686621155 0.0034366832114756107 421
1644686621265 0.004049839451909065 422
1644686621371 0.006169718690216541 423
1644686621480 0.003588416613638401 424
1644686621585 0.003846137784421444 425
1644686621690 0.0022067914251238108 426
1644686621807 0.0032146445009857416 427
1644686621910 0.0028583756648004055 428
1644686622018 0.002872106386348605 429
1644686622137 0.0034344636369496584 430
1644686622258 0.003727721981704235 431
1644686622365 0.002703523263335228 432
1644686622474 0.00246428488753736 433
1644686622588 0.004017667844891548 434
1644686622715 0.0045607746578752995 435
1644686622825 0.003433668054640293 436
1644686622934 0.0028866895008832216 437
1644686623043 0.003080352209508419 438
1644686623151 0.0025450240354985 439
1644686623262 0.0034571702126413584 440
1644686623369 0.0032660076394677162 441
1644686623486 0.0035818570759147406 442
1644686623594 0.0028980032075196505 443
1644686623709 0.004382678307592869 444
1644686623823 0.004572560079395771 445
1644686623933 0.003692668629810214 446
1644686624048 0.0051116314716637135 447
1644686624162 0.0026898523792624474 448
1644686624280 0.004249535035341978 449
1644686624387 0.0038618638645857573 450
1644686624498 0.003040692303329706 451
1644686624617 0.005463609006255865 452
1644686624726 0.002301389118656516 453
1644686624841 0.0026881052181124687 454
1644686624949 0.0018104485934600234 455
1644686625059 0.0023463398683816195 456
1644686625219 0.004093061201274395 457
1644686625367 0.0035631642676889896 458
1644686625494 0.002907092683017254 459
1644686625611 0.0028039405588060617 460
1644686625731 0.0034626179840415716 461
1644686625889 0.0024936276022344828 462
1644686626017 0.0032880837097764015 463
1644686626146 0.003362355288118124 464
1644686626277 0.0037245950661599636 465
1644686626415 0.004210625309497118 466
1644686626554 0.004484077449887991 467
1644686626671 0.0029874786268919706 468
1644686626793 0.004669560585170984 469
1644686626903 0.0027171520050615072 470
1644686627015 0.003388294018805027 471
1644686627123 0.0020858189091086388 472
1644686627239 0.0029066740535199642 473
1644686627349 0.003569158259779215 474
1644686627457 0.0018173811258748174 475
1644686627563 0.0024234831798821688 476
1644686627682 0.002745730336755514 477
1644686627788 0.002356952987611294 478
1644686627895 0.0020347663667052984 479
1644686628004 0.002561885165050626 480
1644686628117 0.0037502190098166466 481
1644686628236 0.0028250915929675102 482
1644686628344 0.003072615945711732 483
1644686628453 0.003795776516199112 484
1644686628562 0.0032724998891353607 485
1644686628678 0.002415489638224244 486
1644686628789 0.004011787474155426 487
1644686628898 0.0031337507534772158 488
1644686629003 0.003495847573503852 489
1644686629120 0.0026690280064940453 490
1644686629233 0.004051520023494959 491
1644686629338 0.0027768530417233706 492
1644686629453 0.0038616040255874395 493
1644686629567 0.003147587412968278 494
1644686629678 0.00352938543073833 495
1644686629797 0.00330143328756094 496
1644686629910 0.0027259797789156437 497
1644686630023 0.004088738467544317 498
1644686630134 0.001841758843511343 499
1644686630242 0.003166442969813943 500
1644686630359 0.002521997783333063 501
1644686630471 0.0033350547309964895 502
1644686630619 0.002756734611466527 503
1644686630732 0.0017745794029906392 504
1644686630843 0.0028388516511768103 505
1644686630952 0.0019291439093649387 506
1644686631061 0.002383646322414279 507
1644686631169 0.0031429731752723455 508
1644686631281 0.004224344156682491 509
1644686631390 0.0027416886296123266 510
1644686631497 0.0035553902853280306 511
1644686631611 0.003750172443687916 512
1644686631720 0.0027587665244936943 513
1644686631831 0.00442083552479744 514
1644686631941 0.0022905878722667694 515
1644686632051 0.00396881764754653 516
1644686632160 0.0029129975009709597 517
1644686632267 0.003087419318035245 518
1644686632380 0.004687112756073475 519
1644686632485 0.004198066890239716 520
1644686632603 0.00587480841204524 521
1644686632710 0.005237631965428591 522
1644686632833 0.004948848392814398 523
1644686632947 0.0031914368737488985 524
1644686633058 0.003445998067036271 525
1644686633176 0.002636768389493227 526
1644686633291 0.0019812865648418665 527
1644686633403 0.0032771832775324583 528
1644686633514 0.003552965121343732 529
1644686633632 0.003831568406894803 530
1644686633740 0.0025071294512599707 531
1644686633850 0.0038603520952165127 532
1644686633957 0.0035812356509268284 533
1644686634073 0.0034548649564385414 534
1644686634186 0.0044446117244660854 535
1644686634296 0.0029597647953778505 536
1644686634407 0.002731865970417857 537
1644686634515 0.00370720773935318 538
1644686634633 0.0031944126822054386 539
1644686634738 0.0033170992974191904 540
1644686634849 0.003998763393610716 541
1644686634959 0.002862738212570548 542
1644686635075 0.00359704508446157 543
1644686635200 0.002788982354104519 544
1644686635308 0.003630033927038312 545
1644686635414 0.0034528635442256927 546
1644686635524 0.0034370978828519583 547
1644686635631 0.0034876815043389797 548
1644686635746 0.0027605316136032343 549
1644686635855 0.003194004064425826 550
1644686635965 0.002725110622122884 551
1644686636073 0.004425870254635811 552
1644686636181 0.002646711654961109 553
1644686636292 0.002461435040459037 554
1644686636406 0.0024312546011060476 555
1644686636511 0.0017403591191396117 556
1644686636622 0.0018106192583218217 557
1644686636730 0.0029239116702228785 558
1644686636843 0.002582508372142911 559
1644686636951 0.0022781749721616507 560
1644686637074 0.0021488701459020376 561
1644686637188 0.002739118179306388 562
1644686637297 0.0032578804530203342 563
1644686637413 0.0026640610303729773 564
1644686637523 0.003309031017124653 565
1644686637634 0.003888165345415473 566
1644686637750 0.0023791135754436255 567
1644686637860 0.003332827938720584 568
1644686637969 0.0023726762738078833 569
1644686638081 0.0018446953035891056 570
1644686638198 0.0015962999314069748 571
1644686638314 0.0022300949785858393 572
1644686638423 0.004389043431729078 573
1644686638533 0.003128707641735673 574
1644686638640 0.0045197042636573315 575
1644686638755 0.002282508881762624 576
1644686638867 0.004004524089396 577
1644686638980 0.003189654555171728 578
1644686639104 0.0027470802888274193 579
1644686639220 0.002580709522590041 580
1644686639324 0.0031858838628977537 581
1644686639445 0.0019692552741616964 582
1644686639563 0.0030543103348463774 583
1644686639673 0.003797762328758836 584
1644686639781 0.0031111305579543114 585
1644686639892 0.0018615591106936336 586
1644686640002 0.003200183156877756 587
1644686640117 0.0035001500509679317 588
1644686640223 0.0030118287540972233 589
1644686640343 0.0056702266447246075 590
1644686640455 0.002644123276695609 591
1644686640571 0.0045112017542123795 592
1644686640693 0.002885909518226981 593
1644686640835 0.0031099184416234493 594
1644686641029 0.003520721336826682 595
1644686641265 0.0032514927443116903 596
1644686641494 0.0032644302118569613 597
1644686641621 0.0037679574452340603 598
1644686641807 0.0026853829622268677 599
1644686641928 0.0030321849044412374 600
1644686642192 0.003566153347492218 601
1644686642408 0.0029743672348558903 602
1644686642633 0.0025627771392464638 603
1644686642852 0.002357989316806197 604
1644686642980 0.003058784641325474 605
1644686643093 0.004434415139257908 606
1644686643260 0.0022569578140974045 607
1644686643436 0.00234089232981205 608
1644686643557 0.0030405321158468723 609
1644686643666 0.0035065801348537207 610
1644686643799 0.0027256624307483435 611
1644686643942 0.0035706853959709406 612
1644686644054 0.002811633748933673 613
1644686644170 0.0029409280978143215 614
1644686644284 0.0029560939874500036 615
1644686644401 0.0032964819110929966 616
1644686644520 0.0022321173455566168 617
1644686644629 0.003479780163615942 618
1644686644795 0.0019524161471053958 619
1644686644930 0.0015862099826335907 620
1644686645052 0.001973202219232917 621
1644686645178 0.0027073328383266926 622
1644686645329 0.0027380837127566338 623
1644686645433 0.004308718256652355 624
1644686645540 0.002862713299691677 625
1644686645666 0.0025124235544353724 626
1644686645794 0.0018519186414778233 627
1644686645924 0.0025864262133836746 628
1644686646035 0.0030943378806114197 629
1644686646168 0.003061341354623437 630
1644686646351 0.0029678286518901587 631
1644686646537 0.002804873278364539 632
1644686646647 0.0029666475020349026 633
1644686646755 0.0026226984336972237 634
1644686646888 0.003494907869026065 635
1644686647076 0.004775850102305412 636
1644686647249 0.0036860816180706024 637
1644686647376 0.003735587000846863 638
1644686647489 0.0032379301264882088 639
1644686647598 0.004026373848319054 640
1644686647710 0.0037887936923652887 641
1644686647835 0.005006047431379557 642
1644686647952 0.0026909117586910725 643
1644686648066 0.0023085421416908503 644
1644686648177 0.0021478624548763037 645
1644686648303 0.002456532558426261 646
1644686648431 0.002697035437449813 647
1644686648631 0.004390230868011713 648
1644686648756 0.00354324490763247 649
1644686648948 0.0027687535621225834 650
1644686649146 0.002935303607955575 651
1644686649322 0.0032272101379930973 652
1644686649438 0.002998021198436618 653
1644686649549 0.0024584149941802025 654
1644686649665 0.0020506305154412985 655
1644686649787 0.003425762290135026 656
1644686649945 0.0016742959851399064 657
1644686650131 0.003601518925279379 658
1644686650304 0.0032334192655980587 659
1644686650417 0.002517629647627473 660
1644686650523 0.0042614019475877285 661
1644686650635 0.0018460068386048079 662
1644686650742 0.003681250149384141 663
1644686650857 0.0030758262146264315 664
1644686650964 0.003236440708860755 665
1644686651078 0.004646757617592812 666
1644686651184 0.005136059131473303 667
1644686651338 0.0032643317244946957 668
1644686651474 0.002999416785314679 669
1644686651580 0.0027903334703296423 670
1644686651697 0.0034410313237458467 671
1644686651860 0.002322097308933735 672
1644686652022 0.0025737120304256678 673
1644686652152 0.002603223081678152 674
1644686652267 0.0021547204814851284 675
1644686652380 0.002549524186179042 676
1644686652569 0.003203277476131916 677
1644686652697 0.00420923950150609 678
1644686652811 0.002806153381243348 679
1644686652941 0.0027199930045753717 680
1644686653098 0.00346554908901453 681
1644686653212 0.003845936618745327 682
1644686653327 0.0032123764976859093 683
1644686653437 0.0031163759995251894 684
1644686653549 0.0026843042578548193 685
1644686653660 0.0030278461053967476 686
1644686653774 0.0028929822146892548 687
1644686653885 0.002340405248105526 688
1644686653993 0.0026428126730024815 689
1644686654109 0.0025584022514522076 690
1644686654304 0.0026969769969582558 691
1644686654441 0.0030492201913148165 692
1644686654547 0.003235636744648218 693
1644686654669 0.0032589398324489594 694
1644686654873 0.005933752283453941 695
1644686655013 0.002550743520259857 696
1644686655119 0.002732965163886547 697
1644686655230 0.0021348115988075733 698
1644686655343 0.002982089761644602 699
1644686655460 0.0029084200505167246 700
1644686655568 0.0024541253224015236 701
1644686655676 0.0032537204679101706 702
1644686655785 0.003727355506271124 703
1644686655939 0.002503955038264394 704
1644686656081 0.003171170363202691 705
1644686656193 0.003231181763112545 706
1644686656304 0.0034195492044091225 707
1644686656425 0.003672253340482712 708
1644686656535 0.002762608928605914 709
1644686656646 0.0024279842618852854 710
1644686656757 0.003812654409557581 711
1644686656900 0.00446346215903759 712
1644686657068 0.0036432489287108183 713
1644686657190 0.0025361268781125546 714
1644686657387 0.0027814581990242004 715
1644686657528 0.002956852549687028 716
1644686657653 0.0021397226955741644 717
1644686657793 0.0039354912005364895 718
1644686658020 0.0049049872905015945 719
1644686658219 0.0029421946965157986 720
1644686658345 0.003490943694487214 721
1644686658548 0.0037106790114194155 722
1644686658817 0.0036271752323955297 723
1644686659011 0.0022964950185269117 724
1644686659127 0.0021129976958036423 725
1644686659238 0.002825699280947447 726
1644686659350 0.002088528359308839 727
1644686659555 0.0022343348246067762 728
1644686659767 0.003028503619134426 729
1644686660009 0.004353606607764959 730
1644686660190 0.0034199864603579044 731
1644686660302 0.003045029938220978 732
1644686660421 0.0028482975903898478 733
1644686660528 0.0023901371750980616 734
1644686660711 0.0025030954275280237 735
1644686660937 0.001821150304749608 736
1644686661143 0.0030945332255214453 737
1644686661263 0.0028622858226299286 738
1644686661385 0.0032310935202986 739
1644686661498 0.0031372234225273132 740
1644686661609 0.0033583769109100103 741
1644686661717 0.0020930180326104164 742
1644686661829 0.0022634451743215322 743
1644686661939 0.0030553615652024746 744
1644686662045 0.0019462044583633542 745
1644686662172 0.0027690071146935225 746
1644686662340 0.0024917060509324074 747
1644686662533 0.0052140457555651665 748
1644686662645 0.003940754570066929 749
1644686662755 0.004320105072110891 750
1644686662938 0.0017662361497059464 751
1644686663140 0.00234107649885118 752
1644686663284 0.002110579516738653 753
1644686663413 0.0037663266994059086 754
1644686663546 0.001964094117283821 755
1644686663652 0.003045347286388278 756
1644686663760 0.004120478872209787 757
1644686663871 0.0032243384048342705 758
1644686663984 0.002504762029275298 759
1644686664093 0.0035047009587287903 760
1644686664206 0.0038017630577087402 761
1644686664318 0.004541522357612848 762
1644686664433 0.0025702558923512697 763
1644686664544 0.0025413010735064745 764
1644686664656 0.004545584321022034 765
1644686664835 0.0022258320823311806 766
1644686664949 0.0019790835212916136 767
1644686665055 0.0024877453688532114 768
1644686665175 0.0020540254190564156 769
1644686665295 0.003465247107669711 770
1644686665470 0.004315921571105719 771
1644686665577 0.0028326658066362143 772
1644686665710 0.002069264417514205 773
1644686665891 0.0032521693501621485 774
1644686665999 0.0027397817466408014 775
1644686666116 0.004490802995860577 776
1644686666230 0.0029403052758425474 777
1644686666369 0.0021871679928153753 778
1644686666522 0.002556338207796216 779
1644686666629 0.002050267532467842 780
1644686666757 0.0019860072061419487 781
1644686666950 0.003270795103162527 782
1644686667080 0.002455716719850898 783
1644686667306 0.0023878994397819042 784
1644686667560 0.0034951919224113226 785
1644686667779 0.002889051800593734 786
1644686667922 0.0027754970360547304 787
1644686668075 0.00226905127055943 788
1644686668256 0.0028221579268574715 789
1644686668432 0.0029699215665459633 790
1644686668685 0.001982258865609765 791
1644686668936 0.0020312045235186815 792
1644686669144 0.0038394643925130367 793
1644686669355 0.0029217374976724386 794
1644686669543 0.002565596951171756 795
1644686669714 0.003052907297387719 796
1644686669917 0.003474608762189746 797
1644686670033 0.0029982305131852627 798
1644686670142 0.0014042919501662254 799
1644686670251 0.0031440453603863716 800
1644686670363 0.002626558765769005 801
1644686670475 0.0028998753987252712 802
1644686670588 0.0030983106698840857 803
1644686670704 0.002290142932906747 804
1644686670818 0.001743464614264667 805
1644686670941 0.0033323063980787992 806
1644686671053 0.002443793462589383 807
1644686671176 0.002412140602245927 808
1644686671294 0.004552661906927824 809
1644686671413 0.0038390380796045065 810
1644686671532 0.005094044376164675 811
1644686671647 0.0022619268856942654 812
1644686671759 0.002522912574931979 813
1644686671880 0.0032863535452634096 814
1644686672018 0.0023968846071511507 815
1644686672128 0.00390821136534214 816
1644686672244 0.003586707403883338 817
1644686672454 0.0037962666247040033 818
1644686672584 0.0030417495872825384 819
1644686672785 0.0034064461942762136 820
1644686672994 0.0019242248963564634 821
1644686673129 0.002297121798619628 822
1644686673333 0.003119946224614978 823
1644686673625 0.0032786785159260035 824
1644686673844 0.0030255599413067102 825
1644686673983 0.002158924238756299 826
1644686674109 0.002748416503891349 827
1644686674265 0.002626466564834118 828
1644686674510 0.0034615120384842157 829
1644686674851 0.0015669495332986116 830
1644686675018 0.0026278444565832615 831
1644686675182 0.0022847072687000036 832
1644686675316 0.002721840050071478 833
1644686675456 0.002520924899727106 834
1644686675571 0.0019273676443845034 835
1644686675682 0.002800676506012678 836
1644686675791 0.002841508248820901 837
1644686675901 0.0031891698017716408 838
1644686676022 0.0019529639976099133 839
1644686676225 0.003350751707330346 840
1644686676347 0.0019702219869941473 841
1644686676457 0.002631421899423003 842
1644686676562 0.002308397786691785 843
1644686676683 0.0022226350847631693 844
1644686676795 0.0026768080424517393 845
1644686676912 0.003259822726249695 846
1644686677087 0.003997190855443478 847
1644686677198 0.002490404760465026 848
1644686677309 0.005268808454275131 849
1644686677467 0.002354236086830497 850
1644686677614 0.0023531951010227203 851
1644686677721 0.0022612223401665688 852
1644686677901 0.00325332791544497 853
1644686678029 0.002899233251810074 854
1644686678140 0.0035612003412097692 855
1644686678251 0.002488597994670272 856
1644686678367 0.0029470345471054316 857
1644686678477 0.0020385109819471836 858
1644686678586 0.0018612793646752834 859
1644686678704 0.0026036372873932123 860
1644686678812 0.0028965750243514776 861
1644686678940 0.0031259178649634123 862
1644686679119 0.0023275665007531643 863
1644686679231 0.0020437734201550484 864
1644686679348 0.0040903594344854355 865
1644686679490 0.002443380421027541 866
1644686679668 0.003916668705642223 867
1644686679811 0.003907724283635616 868
1644686679925 0.0036903053987771273 869
1644686680031 0.002315433695912361 870
1644686680184 0.003989875316619873 871
1644686680318 0.002635708311572671 872
1644686680427 0.0041187359020113945 873
1644686680544 0.002977187978103757 874
1644686680654 0.002467007841914892 875
1644686680768 0.0037888966035097837 876
1644686680879 0.0018957674037665129 877
1644686680986 0.0014709251699969172 878
1644686681106 0.0031738632824271917 879
1644686681216 0.0033240639604628086 880
1644686681324 0.0026764057110995054 881
1644686681436 0.0018745335983112454 882
1644686681547 0.002420617500320077 883
1644686681655 0.0017462167888879776 884
1644686681771 0.0027987451758235693 885
1644686681950 0.0025430391542613506 886
1644686682056 0.00282470160163939 887
1644686682166 0.00230606971308589 888
1644686682274 0.003276693169027567 889
1644686682387 0.004918222315609455 890
1644686682496 0.0030786411371082067 891
1644686682639 0.0032525397837162018 892
1644686682808 0.0018911754013970494 893
1644686682919 0.002963627688586712 894
1644686683036 0.002243738854303956 895
1644686683150 0.0032340430188924074 896
1644686683319 0.0029774284921586514 897
1644686683449 0.0026409232523292303 898
1644686683559 0.0021233053412288427 899
1644686683673 0.004783270880579948 900
1644686683787 0.002839583670720458 901
1644686683965 0.0035223441664129496 902
1644686684067 0.0027649635449051857 903
1644686684175 0.003457699902355671 904
1644686684289 0.002327010966837406 905
1644686684398 0.003048753598704934 906
1644686684512 0.003011826192960143 907
1644686684622 0.0021865693852305412 908
1644686684726 0.0019418052397668362 909
1644686684837 0.002681482583284378 910
1644686684953 0.0017268669325858355 911
1644686685066 0.004662778694182634 912
1644686685174 0.002872849814593792 913
1644686685287 0.002171077998355031 914
1644686685392 0.002089245244860649 915
1644686685505 0.004518760833889246 916
1644686685617 0.0030438057146966457 917
1644686685729 0.0036054453812539577 918
1644686685842 0.0022552325390279293 919
1644686685972 0.0029200955759733915 920
1644686686093 0.002701769582927227 921
1644686686203 0.0033840052783489227 922
1644686686317 0.0021542550530284643 923
1644686686434 0.0037263149861246347 924
1644686686539 0.0023294833954423666 925
1644686686654 0.002949700690805912 926
1644686686759 0.0025853703264147043 927
1644686686875 0.002569311996921897 928
1644686686981 0.00326196919195354 929
1644686687090 0.005684012081474066 930
1644686687202 0.0017859239596873522 931
1644686687320 0.003236385527998209 932
1644686687442 0.0026547806337475777 933
1644686687553 0.0022937292233109474 934
1644686687665 0.0020198447164148092 935
1644686687780 0.001924126292578876 936
1644686687888 0.0018331723986193538 937
1644686688003 0.0021164482459425926 938
1644686688114 0.0019313410157337785 939
1644686688226 0.0019775836262851954 940
1644686688343 0.002131667220965028 941
1644686688453 0.0026423491071909666 942
1644686688559 0.003388400888070464 943
1644686688669 0.001747768372297287 944
1644686688785 0.0038488321006298065 945
1644686688892 0.004212779458612204 946
1644686689000 0.0022864879574626684 947
1644686689109 0.002669953042641282 948
1644686689239 0.0040524424985051155 949
1644686689357 0.002112447749823332 950
1644686689491 0.002074204618111253 951
1644686689610 0.002835463033989072 952
1644686689729 0.002946586348116398 953
1644686689843 0.003086392767727375 954
1644686689965 0.00387780973687768 955
1644686690096 0.0016539692878723145 956
1644686690216 0.003122878260910511 957
1644686690341 0.0032556920778006315 958
1644686690482 0.0023999155964702368 959
1644686690594 0.0018594312714412808 960
1644686690706 0.003787040011957288 961
1644686690827 0.0030856728553771973 962
1644686690934 0.0042393091134727 963
1644686691042 0.0036780396476387978 964
1644686691153 0.002049664268270135 965
1644686691267 0.002647395245730877 966
1644686691382 0.0022712324280291796 967
1644686691489 0.0022645837161689997 968
1644686691605 0.0024984015617519617 969
1644686691716 0.003696880303323269 970
1644686691826 0.002545124851167202 971
1644686691946 0.00334203545935452 972
1644686692053 0.0025036579463630915 973
1644686692166 0.002376747317612171 974
1644686692277 0.003790001617744565 975
1644686692390 0.0023282950278371572 976
1644686692505 0.0026106899604201317 977
1644686692609 0.0023174479138106108 978
1644686692719 0.0026545387227088213 979
1644686692829 0.003488488495349884 980
1644686692934 0.0037173060700297356 981
1644686693071 0.003834603587165475 982
1644686693187 0.004115774296224117 983
1644686693293 0.00223504938185215 984
1644686693408 0.00392945809289813 985
1644686693515 0.0019953493028879166 986
1644686693632 0.002824916038662195 987
1644686693791 0.0024629980325698853 988
1644686693903 0.004336807411164045 989
1644686694021 0.0036755946930497885 990
1644686694132 0.005026121158152819 991
1644686694245 0.002347051165997982 992
1644686694358 0.002491418970748782 993
1644686694467 0.003265693550929427 994
1644686694576 0.0019440912874415517 995
1644686694682 0.003178046550601721 996
1644686694795 0.002649004338309169 997
1644686694902 0.0027946652844548225 998
1644686695024 0.002065909095108509 999
1644686725641 0.038555216044187546 1000
