1644712660850 0.4261097013950348 0
1644712661076 0.26409217715263367 1
1644712661283 0.08423235267400742 2
1644712661554 0.056249674409627914 3
1644712661785 0.03673481568694115 4
1644712661973 0.03270404040813446 5
1644712662139 0.03147339075803757 6
1644712662343 0.02587815374135971 7
1644712662570 0.03010253980755806 8
1644712662746 0.030659127980470657 9
1644712663057 0.025906939059495926 10
1644712663251 0.02998761087656021 11
1644712663414 0.022791093215346336 12
1644712663589 0.023381488397717476 13
1644712663764 0.01907692663371563 14
1644712663932 0.02208900637924671 15
1644712664096 0.01999891735613346 16
1644712664270 0.02138490043580532 17
1644712664476 0.023035423830151558 18
1644712664641 0.016581999137997627 19
1644712664839 0.018077854067087173 20
1644712695122 0.03270404040813446 21
