1644712660850 429556.78125 0
1644712661076 2106075.75 1
1644712661283 6612380.5 2
1644712661554 5617278.0 3
1644712661785 4096663.0 4
1644712661973 3754600.75 5
1644712662139 4059907.75 6
1644712662343 4010477.75 7
1644712662570 3592016.75 8
1644712662746 2437886.5 9
1644712663057 3372593.0 10
1644712663251 3247470.5 11
1644712663414 3422172.25 12
1644712663589 2985533.75 13
1644712663764 2402379.75 14
1644712663932 2381615.75 15
1644712664096 1948204.0 16
1644712664270 2222609.25 17
1644712664476 2655087.5 18
1644712664641 2334044.25 19
1644712664839 1704862.5 20
1644712695122 3754600.75 21
