1644712797014 0.3559136986732483 0
1644712797324 0.08509349077939987 1
1644712797580 0.039794351905584335 2
1644712797840 0.038208525627851486 3
1644712798090 0.03884759545326233 4
1644712798346 0.030894847586750984 5
1644712798578 0.02728913351893425 6
1644712798791 0.031146498396992683 7
1644712799011 0.029720352962613106 8
1644712799239 0.029060445725917816 9
1644712799446 0.03557222709059715 10
1644712799645 0.024760155007243156 11
1644712799853 0.025167124345898628 12
1644712800053 0.029192568734288216 13
1644712800270 0.022204671055078506 14
1644712800477 0.021622152999043465 15
1644712800693 0.02903127670288086 16
1644712824692 0.08509349077939987 17
