1644712531060 2894408.25 0
1644712531173 5878004.5 1
1644712531291 6244634.0 2
1644712531400 2740323.0 3
1644712531516 3811901.5 4
1644712531713 5684172.5 5
1644712531887 5517009.5 6
1644712532056 3578644.0 7
1644712532194 5380732.5 8
1644712532342 5336871.5 9
1644712532453 3823076.75 10
1644712532574 5543896.5 11
1644712532721 2553213.0 12
1644712532859 3677666.5 13
1644712532973 3284401.5 14
1644712533092 3168407.25 15
1644712533214 4173944.75 16
1644712533331 2790557.25 17
1644712533442 3665435.0 18
1644712533592 4119477.75 19
1644712533720 2868414.75 20
1644712533838 3191384.75 21
1644712533974 4628780.5 22
1644712562657 3578644.0 23
