1644712531060 0.3925844132900238 0
1644712531173 0.13426101207733154 1
1644712531291 0.07989835739135742 2
1644712531400 0.04279662296175957 3
1644712531516 0.04903801530599594 4
1644712531713 0.05057930946350098 5
1644712531887 0.0487234964966774 6
1644712532056 0.039895858615636826 7
1644712532194 0.044975392520427704 8
1644712532342 0.04522118344902992 9
1644712532453 0.03746757283806801 10
1644712532574 0.03932187706232071 11
1644712532721 0.03320522606372833 12
1644712532859 0.0353291891515255 13
1644712532973 0.033647570759058 14
1644712533092 0.03376489505171776 15
1644712533214 0.03651341423392296 16
1644712533331 0.030851716175675392 17
1644712533442 0.024129800498485565 18
1644712533592 0.029137229546904564 19
1644712533720 0.024465322494506836 20
1644712533838 0.028027301654219627 21
1644712533974 0.021287860348820686 22
1644712562657 0.039895858615636826 23
