1644712473346 0.13326658308506012 0
1644712473504 0.14951437711715698 1
1644712473653 0.11422016471624374 2
1644712473799 0.12086199969053268 3
1644712473954 0.12271527945995331 4
1644712474108 0.13274730741977692 5
1644712474268 0.09725062549114227 6
1644712474426 0.09349989891052246 7
1644712474584 0.07416276633739471 8
1644712474761 0.11214825510978699 9
1644712474943 0.08471928536891937 10
1644712475123 0.1048053577542305 11
1644712475315 0.11551156640052795 12
1644712475517 0.07245763391256332 13
1644712475694 0.08837220072746277 14
1644712475888 0.09071066975593567 15
1644712527760 0.13326658308506012 16
