1644615614756 0.055834103375673294 0
1644615614973 0.017645912244915962 1
1644615615178 0.016508642584085464 2
1644615615374 0.02085055410861969 3
1644615615614 0.014836156740784645 4
1644615615806 0.015212904661893845 5
1644615616000 0.012202219106256962 6
1644615616253 0.01292157731950283 7
1644615616460 0.00922891404479742 8
1644615616671 0.006961908657103777 9
1644615616875 0.007080276496708393 10
1644615617070 0.009531929157674313 11
1644615617289 0.008801894262433052 12
1644615617474 0.010689246468245983 13
1644615617693 0.007276696152985096 14
1644615617887 0.00586296571418643 15
1644615618043 0.007674232590943575 16
1644615618223 0.005885864607989788 17
1644615618399 0.004122821614146233 18
1644615618547 0.0028815073892474174 19
1644615618692 0.005556901916861534 20
1644615618831 0.005253195762634277 21
1644615618965 0.006091203074902296 22
1644615619108 0.003606918966397643 23
1644615619244 0.004422437399625778 24
1644615619385 0.004140227101743221 25
1644615630425 0.00586296571418643 26
